extern const int S = 9;
extern const int K =20;
extern const int T = 432;
extern const int B = 10;
extern const int I = 40;
extern const int NCPN = 0;
extern const int HWPN = 760;
int BRT[B]={25,0,24,0,44,0,11,0,0,0};
int Chaocu[B]={-1,-1,-1,-1,-1,-1,-1,-1,-1,-1};
int HDT[B]={26,-1,25,-1,45,-1,12,-1,-1,-1};
int E[I][2]={{0,44},{0,33},{20,68},{33,81},{36,84},{51,99},{80,128},{86,134},{117,165},{124,172},{124,172},{149,197},{161,209},{182,230},{214,262},{219,267},{230,278},{240,288},{248,296},{255,303},{90,138},{76,124},{90,138},{94,142},{91,139},{140,188},{157,205},{160,208},{188,236},{185,233},{200,248},{232,280},{229,277},{268,316},{287,335},{293,341},{320,368},{300,348},{322,370},{338,386}};
int BRK[S][2]={{14,34},{62,82},{110,130},{158,178},{206,226},{254,274},{302,322},{350,370},{398,418}};
int VLL[K]={1,0,0,0,0,1,0,0,1,0,0,1,0,1,0,0,1,0,1,1};
int F[I][I]={{0,1,1,1,1,1,1,1,1,1,1,1,1,1,1,1,1,1,1,1,0,0,0,0,0,0,0,0,0,0,0,0,0,0,0,0,0,0,0,0},{1,0,1,1,1,1,1,1,1,1,1,1,1,1,1,1,1,1,1,1,0,0,0,0,0,0,0,0,0,0,0,0,0,0,0,0,0,0,0,0},{1,1,0,1,1,1,1,1,1,1,1,1,1,1,1,1,1,1,1,1,0,0,0,0,0,0,0,0,0,0,0,0,0,0,0,0,0,0,0,0},{1,1,1,0,1,1,1,1,1,1,1,1,1,1,1,1,1,1,1,1,0,0,0,0,0,0,0,0,0,0,0,0,0,0,0,0,0,0,0,0},{1,1,1,1,0,1,1,1,1,1,1,1,1,1,1,1,1,1,1,1,0,0,0,0,0,0,0,0,0,0,0,0,0,0,0,0,0,0,0,0},{1,1,1,1,1,0,1,1,1,1,1,1,1,1,1,1,1,1,1,1,0,0,0,0,0,0,0,0,0,0,0,0,0,0,0,0,0,0,0,0},{1,1,1,1,1,1,0,1,1,1,1,1,1,1,1,1,1,1,1,1,0,0,0,0,0,0,0,0,0,0,0,0,0,0,0,0,0,0,0,0},{1,1,1,1,1,1,1,0,1,1,1,1,1,1,1,1,1,1,1,1,0,0,0,0,0,0,0,0,0,0,0,0,0,0,0,0,0,0,0,0},{1,1,1,1,1,1,1,1,0,1,1,1,1,1,1,1,1,1,1,1,0,0,0,0,0,0,0,0,0,0,0,0,0,0,0,0,0,0,0,0},{1,1,1,1,1,1,1,1,1,0,1,1,1,1,1,1,1,1,1,1,0,0,0,0,0,0,0,0,0,0,0,0,0,0,0,0,0,0,0,0},{1,1,1,1,1,1,1,1,1,1,0,1,1,1,1,1,1,1,1,1,0,0,0,0,0,0,0,0,0,0,0,0,0,0,0,0,0,0,0,0},{1,1,1,1,1,1,1,1,1,1,1,0,1,1,1,1,1,1,1,1,0,0,0,0,0,0,0,0,0,0,0,0,0,0,0,0,0,0,0,0},{1,1,1,1,1,1,1,1,1,1,1,1,0,1,1,1,1,1,1,1,0,0,0,0,0,0,0,0,0,0,0,0,0,0,0,0,0,0,0,0},{1,1,1,1,1,1,1,1,1,1,1,1,1,0,1,1,1,1,1,1,0,0,0,0,0,0,0,0,0,0,0,0,0,0,0,0,0,0,0,0},{1,1,1,1,1,1,1,1,1,1,1,1,1,1,0,1,1,1,1,1,0,0,0,0,0,0,0,0,0,0,0,0,0,0,0,0,0,0,0,0},{1,1,1,1,1,1,1,1,1,1,1,1,1,1,1,0,1,1,1,1,0,0,0,0,0,0,0,0,0,0,0,0,0,0,0,0,0,0,0,0},{1,1,1,1,1,1,1,1,1,1,1,1,1,1,1,1,0,1,1,1,0,0,0,0,0,0,0,0,0,0,0,0,0,0,0,0,0,0,0,0},{1,1,1,1,1,1,1,1,1,1,1,1,1,1,1,1,1,0,1,1,0,0,0,0,0,0,0,0,0,0,0,0,0,0,0,0,0,0,0,0},{1,1,1,1,1,1,1,1,1,1,1,1,1,1,1,1,1,1,0,1,0,0,0,0,0,0,0,0,0,0,0,0,0,0,0,0,0,0,0,0},{1,1,1,1,1,1,1,1,1,1,1,1,1,1,1,1,1,1,1,0,0,0,0,0,0,0,0,0,0,0,0,0,0,0,0,0,0,0,0,0},{0,0,0,0,0,0,0,0,0,0,0,0,0,0,0,0,0,0,0,0,0,1,1,1,1,1,1,1,1,1,1,1,1,1,1,1,1,1,1,1},{0,0,0,0,0,0,0,0,0,0,0,0,0,0,0,0,0,0,0,0,1,0,1,1,1,1,1,1,1,1,1,1,1,1,1,1,1,1,1,1},{0,0,0,0,0,0,0,0,0,0,0,0,0,0,0,0,0,0,0,0,1,1,0,1,1,1,1,1,1,1,1,1,1,1,1,1,1,1,1,1},{0,0,0,0,0,0,0,0,0,0,0,0,0,0,0,0,0,0,0,0,1,1,1,0,1,1,1,1,1,1,1,1,1,1,1,1,1,1,1,1},{0,0,0,0,0,0,0,0,0,0,0,0,0,0,0,0,0,0,0,0,1,1,1,1,0,1,1,1,1,1,1,1,1,1,1,1,1,1,1,1},{0,0,0,0,0,0,0,0,0,0,0,0,0,0,0,0,0,0,0,0,1,1,1,1,1,0,1,1,1,1,1,1,1,1,1,1,1,1,1,1},{0,0,0,0,0,0,0,0,0,0,0,0,0,0,0,0,0,0,0,0,1,1,1,1,1,1,0,1,1,1,1,1,1,1,1,1,1,1,1,1},{0,0,0,0,0,0,0,0,0,0,0,0,0,0,0,0,0,0,0,0,1,1,1,1,1,1,1,0,1,1,1,1,1,1,1,1,1,1,1,1},{0,0,0,0,0,0,0,0,0,0,0,0,0,0,0,0,0,0,0,0,1,1,1,1,1,1,1,1,0,1,1,1,1,1,1,1,1,1,1,1},{0,0,0,0,0,0,0,0,0,0,0,0,0,0,0,0,0,0,0,0,1,1,1,1,1,1,1,1,1,0,1,1,1,1,1,1,1,1,1,1},{0,0,0,0,0,0,0,0,0,0,0,0,0,0,0,0,0,0,0,0,1,1,1,1,1,1,1,1,1,1,0,1,1,1,1,1,1,1,1,1},{0,0,0,0,0,0,0,0,0,0,0,0,0,0,0,0,0,0,0,0,1,1,1,1,1,1,1,1,1,1,1,0,1,1,1,1,1,1,1,1},{0,0,0,0,0,0,0,0,0,0,0,0,0,0,0,0,0,0,0,0,1,1,1,1,1,1,1,1,1,1,1,1,0,1,1,1,1,1,1,1},{0,0,0,0,0,0,0,0,0,0,0,0,0,0,0,0,0,0,0,0,1,1,1,1,1,1,1,1,1,1,1,1,1,0,1,1,1,1,1,1},{0,0,0,0,0,0,0,0,0,0,0,0,0,0,0,0,0,0,0,0,1,1,1,1,1,1,1,1,1,1,1,1,1,1,0,1,1,1,1,1},{0,0,0,0,0,0,0,0,0,0,0,0,0,0,0,0,0,0,0,0,1,1,1,1,1,1,1,1,1,1,1,1,1,1,1,0,1,1,1,1},{0,0,0,0,0,0,0,0,0,0,0,0,0,0,0,0,0,0,0,0,1,1,1,1,1,1,1,1,1,1,1,1,1,1,1,1,0,1,1,1},{0,0,0,0,0,0,0,0,0,0,0,0,0,0,0,0,0,0,0,0,1,1,1,1,1,1,1,1,1,1,1,1,1,1,1,1,1,0,1,1},{0,0,0,0,0,0,0,0,0,0,0,0,0,0,0,0,0,0,0,0,1,1,1,1,1,1,1,1,1,1,1,1,1,1,1,1,1,1,0,1},{0,0,0,0,0,0,0,0,0,0,0,0,0,0,0,0,0,0,0,0,1,1,1,1,1,1,1,1,1,1,1,1,1,1,1,1,1,1,1,0}};
int D[I+1]={7,7,7,7,7,7,7,7,7,7,7,7,7,7,7,7,7,7,7,7,7,7,7,7,7,7,7,7,7,7,7,7,7,7,7,7,7,7,7,7,6};
int H[K][B]={{83,83,83,83,83,83,83,83,83,83},{69,69,69,69,69,69,69,69,69,69},{63,63,63,63,63,63,63,63,63,63},{54,54,54,54,54,54,54,54,54,54},{48,48,48,48,48,48,48,48,48,48},{82,82,82,82,82,82,82,82,82,82},{70,70,70,70,70,70,70,70,70,70},{67,67,67,67,67,67,67,67,67,67},{64,64,64,64,64,64,64,64,64,64},{54,54,54,54,54,54,54,54,54,54},{69,69,69,69,69,69,69,69,69,69},{76,76,76,76,76,76,76,76,76,76},{61,61,61,61,61,61,61,61,61,61},{79,79,79,79,79,79,79,79,79,79},{66,66,66,66,66,66,66,66,66,66},{67,67,67,67,67,67,67,67,67,67},{83,83,83,83,83,83,83,83,83,83},{53,53,53,53,53,53,53,53,53,53},{67,67,67,67,67,67,67,67,67,67},{76,76,76,76,76,76,76,76,76,76}};
int Q[I+1][I+1]={{3,3,3,3,3,3,3,3,3,3,3,3,3,3,3,3,3,3,3,3,1,1,1,1,1,1,1,1,1,1,1,1,1,1,1,1,1,1,1,1,0},{3,3,3,3,3,3,3,3,3,3,3,3,3,3,3,3,3,3,3,3,1,1,1,1,1,1,1,1,1,1,1,1,1,1,1,1,1,1,1,1,0},{3,3,3,3,3,3,3,3,3,3,3,3,3,3,3,3,3,3,3,3,1,1,1,1,1,1,1,1,1,1,1,1,1,1,1,1,1,1,1,1,0},{3,3,3,3,3,3,3,3,3,3,3,3,3,3,3,3,3,3,3,3,1,1,1,1,1,1,1,1,1,1,1,1,1,1,1,1,1,1,1,1,0},{3,3,3,3,3,3,3,3,3,3,3,3,3,3,3,3,3,3,3,3,1,1,1,1,1,1,1,1,1,1,1,1,1,1,1,1,1,1,1,1,0},{3,3,3,3,3,3,3,3,3,3,3,3,3,3,3,3,3,3,3,3,1,1,1,1,1,1,1,1,1,1,1,1,1,1,1,1,1,1,1,1,0},{3,3,3,3,3,3,3,3,3,3,3,3,3,3,3,3,3,3,3,3,1,1,1,1,1,1,1,1,1,1,1,1,1,1,1,1,1,1,1,1,0},{3,3,3,3,3,3,3,3,3,3,3,3,3,3,3,3,3,3,3,3,1,1,1,1,1,1,1,1,1,1,1,1,1,1,1,1,1,1,1,1,0},{3,3,3,3,3,3,3,3,3,3,3,3,3,3,3,3,3,3,3,3,1,1,1,1,1,1,1,1,1,1,1,1,1,1,1,1,1,1,1,1,0},{3,3,3,3,3,3,3,3,3,3,3,3,3,3,3,3,3,3,3,3,1,1,1,1,1,1,1,1,1,1,1,1,1,1,1,1,1,1,1,1,0},{3,3,3,3,3,3,3,3,3,3,3,3,3,3,3,3,3,3,3,3,1,1,1,1,1,1,1,1,1,1,1,1,1,1,1,1,1,1,1,1,0},{3,3,3,3,3,3,3,3,3,3,3,3,3,3,3,3,3,3,3,3,1,1,1,1,1,1,1,1,1,1,1,1,1,1,1,1,1,1,1,1,0},{3,3,3,3,3,3,3,3,3,3,3,3,3,3,3,3,3,3,3,3,1,1,1,1,1,1,1,1,1,1,1,1,1,1,1,1,1,1,1,1,0},{3,3,3,3,3,3,3,3,3,3,3,3,3,3,3,3,3,3,3,3,1,1,1,1,1,1,1,1,1,1,1,1,1,1,1,1,1,1,1,1,0},{3,3,3,3,3,3,3,3,3,3,3,3,3,3,3,3,3,3,3,3,1,1,1,1,1,1,1,1,1,1,1,1,1,1,1,1,1,1,1,1,0},{3,3,3,3,3,3,3,3,3,3,3,3,3,3,3,3,3,3,3,3,1,1,1,1,1,1,1,1,1,1,1,1,1,1,1,1,1,1,1,1,0},{3,3,3,3,3,3,3,3,3,3,3,3,3,3,3,3,3,3,3,3,1,1,1,1,1,1,1,1,1,1,1,1,1,1,1,1,1,1,1,1,0},{3,3,3,3,3,3,3,3,3,3,3,3,3,3,3,3,3,3,3,3,1,1,1,1,1,1,1,1,1,1,1,1,1,1,1,1,1,1,1,1,0},{3,3,3,3,3,3,3,3,3,3,3,3,3,3,3,3,3,3,3,3,1,1,1,1,1,1,1,1,1,1,1,1,1,1,1,1,1,1,1,1,0},{3,3,3,3,3,3,3,3,3,3,3,3,3,3,3,3,3,3,3,3,1,1,1,1,1,1,1,1,1,1,1,1,1,1,1,1,1,1,1,1,0},{1,1,1,1,1,1,1,1,1,1,1,1,1,1,1,1,1,1,1,1,3,3,3,3,3,3,3,3,3,3,3,3,3,3,3,3,3,3,3,3,0},{1,1,1,1,1,1,1,1,1,1,1,1,1,1,1,1,1,1,1,1,3,3,3,3,3,3,3,3,3,3,3,3,3,3,3,3,3,3,3,3,0},{1,1,1,1,1,1,1,1,1,1,1,1,1,1,1,1,1,1,1,1,3,3,3,3,3,3,3,3,3,3,3,3,3,3,3,3,3,3,3,3,0},{1,1,1,1,1,1,1,1,1,1,1,1,1,1,1,1,1,1,1,1,3,3,3,3,3,3,3,3,3,3,3,3,3,3,3,3,3,3,3,3,0},{1,1,1,1,1,1,1,1,1,1,1,1,1,1,1,1,1,1,1,1,3,3,3,3,3,3,3,3,3,3,3,3,3,3,3,3,3,3,3,3,0},{1,1,1,1,1,1,1,1,1,1,1,1,1,1,1,1,1,1,1,1,3,3,3,3,3,3,3,3,3,3,3,3,3,3,3,3,3,3,3,3,0},{1,1,1,1,1,1,1,1,1,1,1,1,1,1,1,1,1,1,1,1,3,3,3,3,3,3,3,3,3,3,3,3,3,3,3,3,3,3,3,3,0},{1,1,1,1,1,1,1,1,1,1,1,1,1,1,1,1,1,1,1,1,3,3,3,3,3,3,3,3,3,3,3,3,3,3,3,3,3,3,3,3,0},{1,1,1,1,1,1,1,1,1,1,1,1,1,1,1,1,1,1,1,1,3,3,3,3,3,3,3,3,3,3,3,3,3,3,3,3,3,3,3,3,0},{1,1,1,1,1,1,1,1,1,1,1,1,1,1,1,1,1,1,1,1,3,3,3,3,3,3,3,3,3,3,3,3,3,3,3,3,3,3,3,3,0},{1,1,1,1,1,1,1,1,1,1,1,1,1,1,1,1,1,1,1,1,3,3,3,3,3,3,3,3,3,3,3,3,3,3,3,3,3,3,3,3,0},{1,1,1,1,1,1,1,1,1,1,1,1,1,1,1,1,1,1,1,1,3,3,3,3,3,3,3,3,3,3,3,3,3,3,3,3,3,3,3,3,0},{1,1,1,1,1,1,1,1,1,1,1,1,1,1,1,1,1,1,1,1,3,3,3,3,3,3,3,3,3,3,3,3,3,3,3,3,3,3,3,3,0},{1,1,1,1,1,1,1,1,1,1,1,1,1,1,1,1,1,1,1,1,3,3,3,3,3,3,3,3,3,3,3,3,3,3,3,3,3,3,3,3,0},{1,1,1,1,1,1,1,1,1,1,1,1,1,1,1,1,1,1,1,1,3,3,3,3,3,3,3,3,3,3,3,3,3,3,3,3,3,3,3,3,0},{1,1,1,1,1,1,1,1,1,1,1,1,1,1,1,1,1,1,1,1,3,3,3,3,3,3,3,3,3,3,3,3,3,3,3,3,3,3,3,3,0},{1,1,1,1,1,1,1,1,1,1,1,1,1,1,1,1,1,1,1,1,3,3,3,3,3,3,3,3,3,3,3,3,3,3,3,3,3,3,3,3,0},{1,1,1,1,1,1,1,1,1,1,1,1,1,1,1,1,1,1,1,1,3,3,3,3,3,3,3,3,3,3,3,3,3,3,3,3,3,3,3,3,0},{1,1,1,1,1,1,1,1,1,1,1,1,1,1,1,1,1,1,1,1,3,3,3,3,3,3,3,3,3,3,3,3,3,3,3,3,3,3,3,3,0},{1,1,1,1,1,1,1,1,1,1,1,1,1,1,1,1,1,1,1,1,3,3,3,3,3,3,3,3,3,3,3,3,3,3,3,3,3,3,3,3,0},{0,0,0,0,0,0,0,0,0,0,0,0,0,0,0,0,0,0,0,0,0,0,0,0,0,0,0,0,0,0,0,0,0,0,0,0,0,0,0,0,0}};
int ST[S][2]={{0,47},{48,95},{96,143},{144,191},{192,239},{240,287},{288,335},{336,383},{384,431}};
int C1[K]={50000,50000,50000,50000,50000,50000,50000,50000,50000,50000,50000,50000,50000,50000,50000,50000,50000,50000,50000,50000};
int C2[I][T]={{0,4,8,12,16,20,24,28,32,36,40,44,48,52,56,60,64,68,72,76,80,84,88,92,96,100,104,108,112,116,120,124,128,132,136,140,144,148,152,156,160,164,168,172,176,180,184,188,192,196,200,204,208,212,216,220,224,228,232,236,240,244,248,252,256,260,264,268,272,276,280,284,288,292,296,300,304,308,312,316,320,324,328,332,336,340,344,348,352,356,360,364,368,372,376,380,384,388,392,396,400,404,408,412,416,420,424,428,432,436,440,444,448,452,456,460,464,468,472,476,480,484,488,492,496,500,504,508,512,516,520,524,528,532,536,540,544,548,552,556,560,564,568,572,576,580,584,588,592,596,600,604,608,612,616,620,624,628,632,636,640,644,648,652,656,660,664,668,672,676,680,684,688,692,696,700,704,708,712,716,720,724,728,732,736,740,744,748,752,756,760,764,768,772,776,780,784,788,792,796,800,804,808,812,816,820,824,828,832,836,840,844,848,852,856,860,864,868,872,876,880,884,888,892,896,900,904,908,912,916,920,924,928,932,936,940,944,948,952,956,960,964,968,972,976,980,984,988,992,996,1000,1004,1008,1012,1016,1020,1024,1028,1032,1036,1040,1044,1048,1052,1056,1060,1064,1068,1072,1076,1080,1084,1088,1092,1096,1100,1104,1108,1112,1116,1120,1124,1128,1132,1136,1140,1144,1148,1152,1156,1160,1164,1168,1172,1176,1180,1184,1188,1192,1196,1200,1204,1208,1212,1216,1220,1224,1228,1232,1236,1240,1244,1248,1252,1256,1260,1264,1268,1272,1276,1280,1284,1288,1292,1296,1300,1304,1308,1312,1316,1320,1324,1328,1332,1336,1340,1344,1348,1352,1356,1360,1364,1368,1372,1376,1380,1384,1388,1392,1396,1400,1404,1408,1412,1416,1420,1424,1428,1432,1436,1440,1444,1448,1452,1456,1460,1464,1468,1472,1476,1480,1484,1488,1492,1496,1500,1504,1508,1512,1516,1520,1524,1528,1532,1536,1540,1544,1548,1552,1556,1560,1564,1568,1572,1576,1580,1584,1588,1592,1596,1600,1604,1608,1612,1616,1620,1624,1628,1632,1636,1640,1644,1648,1652,1656,1660,1664,1668,1672,1676,1680,1684,1688,1692,1696,1700,1704,1708,1712,1716,1720,1724},{0,2,4,6,8,10,12,14,16,18,20,22,24,26,28,30,32,34,36,38,40,42,44,46,48,50,52,54,56,58,60,62,64,66,68,70,72,74,76,78,80,82,84,86,88,90,92,94,96,98,100,102,104,106,108,110,112,114,116,118,120,122,124,126,128,130,132,134,136,138,140,142,144,146,148,150,152,154,156,158,160,162,164,166,168,170,172,174,176,178,180,182,184,186,188,190,192,194,196,198,200,202,204,206,208,210,212,214,216,218,220,222,224,226,228,230,232,234,236,238,240,242,244,246,248,250,252,254,256,258,260,262,264,266,268,270,272,274,276,278,280,282,284,286,288,290,292,294,296,298,300,302,304,306,308,310,312,314,316,318,320,322,324,326,328,330,332,334,336,338,340,342,344,346,348,350,352,354,356,358,360,362,364,366,368,370,372,374,376,378,380,382,384,386,388,390,392,394,396,398,400,402,404,406,408,410,412,414,416,418,420,422,424,426,428,430,432,434,436,438,440,442,444,446,448,450,452,454,456,458,460,462,464,466,468,470,472,474,476,478,480,482,484,486,488,490,492,494,496,498,500,502,504,506,508,510,512,514,516,518,520,522,524,526,528,530,532,534,536,538,540,542,544,546,548,550,552,554,556,558,560,562,564,566,568,570,572,574,576,578,580,582,584,586,588,590,592,594,596,598,600,602,604,606,608,610,612,614,616,618,620,622,624,626,628,630,632,634,636,638,640,642,644,646,648,650,652,654,656,658,660,662,664,666,668,670,672,674,676,678,680,682,684,686,688,690,692,694,696,698,700,702,704,706,708,710,712,714,716,718,720,722,724,726,728,730,732,734,736,738,740,742,744,746,748,750,752,754,756,758,760,762,764,766,768,770,772,774,776,778,780,782,784,786,788,790,792,794,796,798,800,802,804,806,808,810,812,814,816,818,820,822,824,826,828,830,832,834,836,838,840,842,844,846,848,850,852,854,856,858,860,862},{0,0,0,0,0,0,0,0,0,0,0,0,0,0,0,0,0,0,0,0,0,2,4,6,8,10,12,14,16,18,20,22,24,26,28,30,32,34,36,38,40,42,44,46,48,50,52,54,56,58,60,62,64,66,68,70,72,74,76,78,80,82,84,86,88,90,92,94,96,98,100,102,104,106,108,110,112,114,116,118,120,122,124,126,128,130,132,134,136,138,140,142,144,146,148,150,152,154,156,158,160,162,164,166,168,170,172,174,176,178,180,182,184,186,188,190,192,194,196,198,200,202,204,206,208,210,212,214,216,218,220,222,224,226,228,230,232,234,236,238,240,242,244,246,248,250,252,254,256,258,260,262,264,266,268,270,272,274,276,278,280,282,284,286,288,290,292,294,296,298,300,302,304,306,308,310,312,314,316,318,320,322,324,326,328,330,332,334,336,338,340,342,344,346,348,350,352,354,356,358,360,362,364,366,368,370,372,374,376,378,380,382,384,386,388,390,392,394,396,398,400,402,404,406,408,410,412,414,416,418,420,422,424,426,428,430,432,434,436,438,440,442,444,446,448,450,452,454,456,458,460,462,464,466,468,470,472,474,476,478,480,482,484,486,488,490,492,494,496,498,500,502,504,506,508,510,512,514,516,518,520,522,524,526,528,530,532,534,536,538,540,542,544,546,548,550,552,554,556,558,560,562,564,566,568,570,572,574,576,578,580,582,584,586,588,590,592,594,596,598,600,602,604,606,608,610,612,614,616,618,620,622,624,626,628,630,632,634,636,638,640,642,644,646,648,650,652,654,656,658,660,662,664,666,668,670,672,674,676,678,680,682,684,686,688,690,692,694,696,698,700,702,704,706,708,710,712,714,716,718,720,722,724,726,728,730,732,734,736,738,740,742,744,746,748,750,752,754,756,758,760,762,764,766,768,770,772,774,776,778,780,782,784,786,788,790,792,794,796,798,800,802,804,806,808,810,812,814,816,818,820,822},{0,0,0,0,0,0,0,0,0,0,0,0,0,0,0,0,0,0,0,0,0,0,0,0,0,0,0,0,0,0,0,0,0,0,2,4,6,8,10,12,14,16,18,20,22,24,26,28,30,32,34,36,38,40,42,44,46,48,50,52,54,56,58,60,62,64,66,68,70,72,74,76,78,80,82,84,86,88,90,92,94,96,98,100,102,104,106,108,110,112,114,116,118,120,122,124,126,128,130,132,134,136,138,140,142,144,146,148,150,152,154,156,158,160,162,164,166,168,170,172,174,176,178,180,182,184,186,188,190,192,194,196,198,200,202,204,206,208,210,212,214,216,218,220,222,224,226,228,230,232,234,236,238,240,242,244,246,248,250,252,254,256,258,260,262,264,266,268,270,272,274,276,278,280,282,284,286,288,290,292,294,296,298,300,302,304,306,308,310,312,314,316,318,320,322,324,326,328,330,332,334,336,338,340,342,344,346,348,350,352,354,356,358,360,362,364,366,368,370,372,374,376,378,380,382,384,386,388,390,392,394,396,398,400,402,404,406,408,410,412,414,416,418,420,422,424,426,428,430,432,434,436,438,440,442,444,446,448,450,452,454,456,458,460,462,464,466,468,470,472,474,476,478,480,482,484,486,488,490,492,494,496,498,500,502,504,506,508,510,512,514,516,518,520,522,524,526,528,530,532,534,536,538,540,542,544,546,548,550,552,554,556,558,560,562,564,566,568,570,572,574,576,578,580,582,584,586,588,590,592,594,596,598,600,602,604,606,608,610,612,614,616,618,620,622,624,626,628,630,632,634,636,638,640,642,644,646,648,650,652,654,656,658,660,662,664,666,668,670,672,674,676,678,680,682,684,686,688,690,692,694,696,698,700,702,704,706,708,710,712,714,716,718,720,722,724,726,728,730,732,734,736,738,740,742,744,746,748,750,752,754,756,758,760,762,764,766,768,770,772,774,776,778,780,782,784,786,788,790,792,794,796},{0,0,0,0,0,0,0,0,0,0,0,0,0,0,0,0,0,0,0,0,0,0,0,0,0,0,0,0,0,0,0,0,0,0,0,0,0,2,4,6,8,10,12,14,16,18,20,22,24,26,28,30,32,34,36,38,40,42,44,46,48,50,52,54,56,58,60,62,64,66,68,70,72,74,76,78,80,82,84,86,88,90,92,94,96,98,100,102,104,106,108,110,112,114,116,118,120,122,124,126,128,130,132,134,136,138,140,142,144,146,148,150,152,154,156,158,160,162,164,166,168,170,172,174,176,178,180,182,184,186,188,190,192,194,196,198,200,202,204,206,208,210,212,214,216,218,220,222,224,226,228,230,232,234,236,238,240,242,244,246,248,250,252,254,256,258,260,262,264,266,268,270,272,274,276,278,280,282,284,286,288,290,292,294,296,298,300,302,304,306,308,310,312,314,316,318,320,322,324,326,328,330,332,334,336,338,340,342,344,346,348,350,352,354,356,358,360,362,364,366,368,370,372,374,376,378,380,382,384,386,388,390,392,394,396,398,400,402,404,406,408,410,412,414,416,418,420,422,424,426,428,430,432,434,436,438,440,442,444,446,448,450,452,454,456,458,460,462,464,466,468,470,472,474,476,478,480,482,484,486,488,490,492,494,496,498,500,502,504,506,508,510,512,514,516,518,520,522,524,526,528,530,532,534,536,538,540,542,544,546,548,550,552,554,556,558,560,562,564,566,568,570,572,574,576,578,580,582,584,586,588,590,592,594,596,598,600,602,604,606,608,610,612,614,616,618,620,622,624,626,628,630,632,634,636,638,640,642,644,646,648,650,652,654,656,658,660,662,664,666,668,670,672,674,676,678,680,682,684,686,688,690,692,694,696,698,700,702,704,706,708,710,712,714,716,718,720,722,724,726,728,730,732,734,736,738,740,742,744,746,748,750,752,754,756,758,760,762,764,766,768,770,772,774,776,778,780,782,784,786,788,790},{0,0,0,0,0,0,0,0,0,0,0,0,0,0,0,0,0,0,0,0,0,0,0,0,0,0,0,0,0,0,0,0,0,0,0,0,0,0,0,0,0,0,0,0,0,0,0,0,0,0,0,0,4,8,12,16,20,24,28,32,36,40,44,48,52,56,60,64,68,72,76,80,84,88,92,96,100,104,108,112,116,120,124,128,132,136,140,144,148,152,156,160,164,168,172,176,180,184,188,192,196,200,204,208,212,216,220,224,228,232,236,240,244,248,252,256,260,264,268,272,276,280,284,288,292,296,300,304,308,312,316,320,324,328,332,336,340,344,348,352,356,360,364,368,372,376,380,384,388,392,396,400,404,408,412,416,420,424,428,432,436,440,444,448,452,456,460,464,468,472,476,480,484,488,492,496,500,504,508,512,516,520,524,528,532,536,540,544,548,552,556,560,564,568,572,576,580,584,588,592,596,600,604,608,612,616,620,624,628,632,636,640,644,648,652,656,660,664,668,672,676,680,684,688,692,696,700,704,708,712,716,720,724,728,732,736,740,744,748,752,756,760,764,768,772,776,780,784,788,792,796,800,804,808,812,816,820,824,828,832,836,840,844,848,852,856,860,864,868,872,876,880,884,888,892,896,900,904,908,912,916,920,924,928,932,936,940,944,948,952,956,960,964,968,972,976,980,984,988,992,996,1000,1004,1008,1012,1016,1020,1024,1028,1032,1036,1040,1044,1048,1052,1056,1060,1064,1068,1072,1076,1080,1084,1088,1092,1096,1100,1104,1108,1112,1116,1120,1124,1128,1132,1136,1140,1144,1148,1152,1156,1160,1164,1168,1172,1176,1180,1184,1188,1192,1196,1200,1204,1208,1212,1216,1220,1224,1228,1232,1236,1240,1244,1248,1252,1256,1260,1264,1268,1272,1276,1280,1284,1288,1292,1296,1300,1304,1308,1312,1316,1320,1324,1328,1332,1336,1340,1344,1348,1352,1356,1360,1364,1368,1372,1376,1380,1384,1388,1392,1396,1400,1404,1408,1412,1416,1420,1424,1428,1432,1436,1440,1444,1448,1452,1456,1460,1464,1468,1472,1476,1480,1484,1488,1492,1496,1500,1504,1508,1512,1516,1520},{0,0,0,0,0,0,0,0,0,0,0,0,0,0,0,0,0,0,0,0,0,0,0,0,0,0,0,0,0,0,0,0,0,0,0,0,0,0,0,0,0,0,0,0,0,0,0,0,0,0,0,0,0,0,0,0,0,0,0,0,0,0,0,0,0,0,0,0,0,0,0,0,0,0,0,0,0,0,0,0,0,2,4,6,8,10,12,14,16,18,20,22,24,26,28,30,32,34,36,38,40,42,44,46,48,50,52,54,56,58,60,62,64,66,68,70,72,74,76,78,80,82,84,86,88,90,92,94,96,98,100,102,104,106,108,110,112,114,116,118,120,122,124,126,128,130,132,134,136,138,140,142,144,146,148,150,152,154,156,158,160,162,164,166,168,170,172,174,176,178,180,182,184,186,188,190,192,194,196,198,200,202,204,206,208,210,212,214,216,218,220,222,224,226,228,230,232,234,236,238,240,242,244,246,248,250,252,254,256,258,260,262,264,266,268,270,272,274,276,278,280,282,284,286,288,290,292,294,296,298,300,302,304,306,308,310,312,314,316,318,320,322,324,326,328,330,332,334,336,338,340,342,344,346,348,350,352,354,356,358,360,362,364,366,368,370,372,374,376,378,380,382,384,386,388,390,392,394,396,398,400,402,404,406,408,410,412,414,416,418,420,422,424,426,428,430,432,434,436,438,440,442,444,446,448,450,452,454,456,458,460,462,464,466,468,470,472,474,476,478,480,482,484,486,488,490,492,494,496,498,500,502,504,506,508,510,512,514,516,518,520,522,524,526,528,530,532,534,536,538,540,542,544,546,548,550,552,554,556,558,560,562,564,566,568,570,572,574,576,578,580,582,584,586,588,590,592,594,596,598,600,602,604,606,608,610,612,614,616,618,620,622,624,626,628,630,632,634,636,638,640,642,644,646,648,650,652,654,656,658,660,662,664,666,668,670,672,674,676,678,680,682,684,686,688,690,692,694,696,698,700,702},{0,0,0,0,0,0,0,0,0,0,0,0,0,0,0,0,0,0,0,0,0,0,0,0,0,0,0,0,0,0,0,0,0,0,0,0,0,0,0,0,0,0,0,0,0,0,0,0,0,0,0,0,0,0,0,0,0,0,0,0,0,0,0,0,0,0,0,0,0,0,0,0,0,0,0,0,0,0,0,0,0,0,0,0,0,0,0,2,4,6,8,10,12,14,16,18,20,22,24,26,28,30,32,34,36,38,40,42,44,46,48,50,52,54,56,58,60,62,64,66,68,70,72,74,76,78,80,82,84,86,88,90,92,94,96,98,100,102,104,106,108,110,112,114,116,118,120,122,124,126,128,130,132,134,136,138,140,142,144,146,148,150,152,154,156,158,160,162,164,166,168,170,172,174,176,178,180,182,184,186,188,190,192,194,196,198,200,202,204,206,208,210,212,214,216,218,220,222,224,226,228,230,232,234,236,238,240,242,244,246,248,250,252,254,256,258,260,262,264,266,268,270,272,274,276,278,280,282,284,286,288,290,292,294,296,298,300,302,304,306,308,310,312,314,316,318,320,322,324,326,328,330,332,334,336,338,340,342,344,346,348,350,352,354,356,358,360,362,364,366,368,370,372,374,376,378,380,382,384,386,388,390,392,394,396,398,400,402,404,406,408,410,412,414,416,418,420,422,424,426,428,430,432,434,436,438,440,442,444,446,448,450,452,454,456,458,460,462,464,466,468,470,472,474,476,478,480,482,484,486,488,490,492,494,496,498,500,502,504,506,508,510,512,514,516,518,520,522,524,526,528,530,532,534,536,538,540,542,544,546,548,550,552,554,556,558,560,562,564,566,568,570,572,574,576,578,580,582,584,586,588,590,592,594,596,598,600,602,604,606,608,610,612,614,616,618,620,622,624,626,628,630,632,634,636,638,640,642,644,646,648,650,652,654,656,658,660,662,664,666,668,670,672,674,676,678,680,682,684,686,688,690},{0,0,0,0,0,0,0,0,0,0,0,0,0,0,0,0,0,0,0,0,0,0,0,0,0,0,0,0,0,0,0,0,0,0,0,0,0,0,0,0,0,0,0,0,0,0,0,0,0,0,0,0,0,0,0,0,0,0,0,0,0,0,0,0,0,0,0,0,0,0,0,0,0,0,0,0,0,0,0,0,0,0,0,0,0,0,0,0,0,0,0,0,0,0,0,0,0,0,0,0,0,0,0,0,0,0,0,0,0,0,0,0,0,0,0,0,0,0,3,6,9,12,15,18,21,24,27,30,33,36,39,42,45,48,51,54,57,60,63,66,69,72,75,78,81,84,87,90,93,96,99,102,105,108,111,114,117,120,123,126,129,132,135,138,141,144,147,150,153,156,159,162,165,168,171,174,177,180,183,186,189,192,195,198,201,204,207,210,213,216,219,222,225,228,231,234,237,240,243,246,249,252,255,258,261,264,267,270,273,276,279,282,285,288,291,294,297,300,303,306,309,312,315,318,321,324,327,330,333,336,339,342,345,348,351,354,357,360,363,366,369,372,375,378,381,384,387,390,393,396,399,402,405,408,411,414,417,420,423,426,429,432,435,438,441,444,447,450,453,456,459,462,465,468,471,474,477,480,483,486,489,492,495,498,501,504,507,510,513,516,519,522,525,528,531,534,537,540,543,546,549,552,555,558,561,564,567,570,573,576,579,582,585,588,591,594,597,600,603,606,609,612,615,618,621,624,627,630,633,636,639,642,645,648,651,654,657,660,663,666,669,672,675,678,681,684,687,690,693,696,699,702,705,708,711,714,717,720,723,726,729,732,735,738,741,744,747,750,753,756,759,762,765,768,771,774,777,780,783,786,789,792,795,798,801,804,807,810,813,816,819,822,825,828,831,834,837,840,843,846,849,852,855,858,861,864,867,870,873,876,879,882,885,888,891,894,897,900,903,906,909,912,915,918,921,924,927,930,933,936,939,942},{0,0,0,0,0,0,0,0,0,0,0,0,0,0,0,0,0,0,0,0,0,0,0,0,0,0,0,0,0,0,0,0,0,0,0,0,0,0,0,0,0,0,0,0,0,0,0,0,0,0,0,0,0,0,0,0,0,0,0,0,0,0,0,0,0,0,0,0,0,0,0,0,0,0,0,0,0,0,0,0,0,0,0,0,0,0,0,0,0,0,0,0,0,0,0,0,0,0,0,0,0,0,0,0,0,0,0,0,0,0,0,0,0,0,0,0,0,0,0,0,0,0,0,0,0,2,4,6,8,10,12,14,16,18,20,22,24,26,28,30,32,34,36,38,40,42,44,46,48,50,52,54,56,58,60,62,64,66,68,70,72,74,76,78,80,82,84,86,88,90,92,94,96,98,100,102,104,106,108,110,112,114,116,118,120,122,124,126,128,130,132,134,136,138,140,142,144,146,148,150,152,154,156,158,160,162,164,166,168,170,172,174,176,178,180,182,184,186,188,190,192,194,196,198,200,202,204,206,208,210,212,214,216,218,220,222,224,226,228,230,232,234,236,238,240,242,244,246,248,250,252,254,256,258,260,262,264,266,268,270,272,274,276,278,280,282,284,286,288,290,292,294,296,298,300,302,304,306,308,310,312,314,316,318,320,322,324,326,328,330,332,334,336,338,340,342,344,346,348,350,352,354,356,358,360,362,364,366,368,370,372,374,376,378,380,382,384,386,388,390,392,394,396,398,400,402,404,406,408,410,412,414,416,418,420,422,424,426,428,430,432,434,436,438,440,442,444,446,448,450,452,454,456,458,460,462,464,466,468,470,472,474,476,478,480,482,484,486,488,490,492,494,496,498,500,502,504,506,508,510,512,514,516,518,520,522,524,526,528,530,532,534,536,538,540,542,544,546,548,550,552,554,556,558,560,562,564,566,568,570,572,574,576,578,580,582,584,586,588,590,592,594,596,598,600,602,604,606,608,610,612,614},{0,0,0,0,0,0,0,0,0,0,0,0,0,0,0,0,0,0,0,0,0,0,0,0,0,0,0,0,0,0,0,0,0,0,0,0,0,0,0,0,0,0,0,0,0,0,0,0,0,0,0,0,0,0,0,0,0,0,0,0,0,0,0,0,0,0,0,0,0,0,0,0,0,0,0,0,0,0,0,0,0,0,0,0,0,0,0,0,0,0,0,0,0,0,0,0,0,0,0,0,0,0,0,0,0,0,0,0,0,0,0,0,0,0,0,0,0,0,0,0,0,0,0,0,0,2,4,6,8,10,12,14,16,18,20,22,24,26,28,30,32,34,36,38,40,42,44,46,48,50,52,54,56,58,60,62,64,66,68,70,72,74,76,78,80,82,84,86,88,90,92,94,96,98,100,102,104,106,108,110,112,114,116,118,120,122,124,126,128,130,132,134,136,138,140,142,144,146,148,150,152,154,156,158,160,162,164,166,168,170,172,174,176,178,180,182,184,186,188,190,192,194,196,198,200,202,204,206,208,210,212,214,216,218,220,222,224,226,228,230,232,234,236,238,240,242,244,246,248,250,252,254,256,258,260,262,264,266,268,270,272,274,276,278,280,282,284,286,288,290,292,294,296,298,300,302,304,306,308,310,312,314,316,318,320,322,324,326,328,330,332,334,336,338,340,342,344,346,348,350,352,354,356,358,360,362,364,366,368,370,372,374,376,378,380,382,384,386,388,390,392,394,396,398,400,402,404,406,408,410,412,414,416,418,420,422,424,426,428,430,432,434,436,438,440,442,444,446,448,450,452,454,456,458,460,462,464,466,468,470,472,474,476,478,480,482,484,486,488,490,492,494,496,498,500,502,504,506,508,510,512,514,516,518,520,522,524,526,528,530,532,534,536,538,540,542,544,546,548,550,552,554,556,558,560,562,564,566,568,570,572,574,576,578,580,582,584,586,588,590,592,594,596,598,600,602,604,606,608,610,612,614},{0,0,0,0,0,0,0,0,0,0,0,0,0,0,0,0,0,0,0,0,0,0,0,0,0,0,0,0,0,0,0,0,0,0,0,0,0,0,0,0,0,0,0,0,0,0,0,0,0,0,0,0,0,0,0,0,0,0,0,0,0,0,0,0,0,0,0,0,0,0,0,0,0,0,0,0,0,0,0,0,0,0,0,0,0,0,0,0,0,0,0,0,0,0,0,0,0,0,0,0,0,0,0,0,0,0,0,0,0,0,0,0,0,0,0,0,0,0,0,0,0,0,0,0,0,0,0,0,0,0,0,0,0,0,0,0,0,0,0,0,0,0,0,0,0,0,0,0,0,0,3,6,9,12,15,18,21,24,27,30,33,36,39,42,45,48,51,54,57,60,63,66,69,72,75,78,81,84,87,90,93,96,99,102,105,108,111,114,117,120,123,126,129,132,135,138,141,144,147,150,153,156,159,162,165,168,171,174,177,180,183,186,189,192,195,198,201,204,207,210,213,216,219,222,225,228,231,234,237,240,243,246,249,252,255,258,261,264,267,270,273,276,279,282,285,288,291,294,297,300,303,306,309,312,315,318,321,324,327,330,333,336,339,342,345,348,351,354,357,360,363,366,369,372,375,378,381,384,387,390,393,396,399,402,405,408,411,414,417,420,423,426,429,432,435,438,441,444,447,450,453,456,459,462,465,468,471,474,477,480,483,486,489,492,495,498,501,504,507,510,513,516,519,522,525,528,531,534,537,540,543,546,549,552,555,558,561,564,567,570,573,576,579,582,585,588,591,594,597,600,603,606,609,612,615,618,621,624,627,630,633,636,639,642,645,648,651,654,657,660,663,666,669,672,675,678,681,684,687,690,693,696,699,702,705,708,711,714,717,720,723,726,729,732,735,738,741,744,747,750,753,756,759,762,765,768,771,774,777,780,783,786,789,792,795,798,801,804,807,810,813,816,819,822,825,828,831,834,837,840,843,846},{0,0,0,0,0,0,0,0,0,0,0,0,0,0,0,0,0,0,0,0,0,0,0,0,0,0,0,0,0,0,0,0,0,0,0,0,0,0,0,0,0,0,0,0,0,0,0,0,0,0,0,0,0,0,0,0,0,0,0,0,0,0,0,0,0,0,0,0,0,0,0,0,0,0,0,0,0,0,0,0,0,0,0,0,0,0,0,0,0,0,0,0,0,0,0,0,0,0,0,0,0,0,0,0,0,0,0,0,0,0,0,0,0,0,0,0,0,0,0,0,0,0,0,0,0,0,0,0,0,0,0,0,0,0,0,0,0,0,0,0,0,0,0,0,0,0,0,0,0,0,0,0,0,0,0,0,0,0,0,0,0,0,2,4,6,8,10,12,14,16,18,20,22,24,26,28,30,32,34,36,38,40,42,44,46,48,50,52,54,56,58,60,62,64,66,68,70,72,74,76,78,80,82,84,86,88,90,92,94,96,98,100,102,104,106,108,110,112,114,116,118,120,122,124,126,128,130,132,134,136,138,140,142,144,146,148,150,152,154,156,158,160,162,164,166,168,170,172,174,176,178,180,182,184,186,188,190,192,194,196,198,200,202,204,206,208,210,212,214,216,218,220,222,224,226,228,230,232,234,236,238,240,242,244,246,248,250,252,254,256,258,260,262,264,266,268,270,272,274,276,278,280,282,284,286,288,290,292,294,296,298,300,302,304,306,308,310,312,314,316,318,320,322,324,326,328,330,332,334,336,338,340,342,344,346,348,350,352,354,356,358,360,362,364,366,368,370,372,374,376,378,380,382,384,386,388,390,392,394,396,398,400,402,404,406,408,410,412,414,416,418,420,422,424,426,428,430,432,434,436,438,440,442,444,446,448,450,452,454,456,458,460,462,464,466,468,470,472,474,476,478,480,482,484,486,488,490,492,494,496,498,500,502,504,506,508,510,512,514,516,518,520,522,524,526,528,530,532,534,536,538,540},{0,0,0,0,0,0,0,0,0,0,0,0,0,0,0,0,0,0,0,0,0,0,0,0,0,0,0,0,0,0,0,0,0,0,0,0,0,0,0,0,0,0,0,0,0,0,0,0,0,0,0,0,0,0,0,0,0,0,0,0,0,0,0,0,0,0,0,0,0,0,0,0,0,0,0,0,0,0,0,0,0,0,0,0,0,0,0,0,0,0,0,0,0,0,0,0,0,0,0,0,0,0,0,0,0,0,0,0,0,0,0,0,0,0,0,0,0,0,0,0,0,0,0,0,0,0,0,0,0,0,0,0,0,0,0,0,0,0,0,0,0,0,0,0,0,0,0,0,0,0,0,0,0,0,0,0,0,0,0,0,0,0,0,0,0,0,0,0,0,0,0,0,0,0,0,0,0,0,0,0,0,0,0,4,8,12,16,20,24,28,32,36,40,44,48,52,56,60,64,68,72,76,80,84,88,92,96,100,104,108,112,116,120,124,128,132,136,140,144,148,152,156,160,164,168,172,176,180,184,188,192,196,200,204,208,212,216,220,224,228,232,236,240,244,248,252,256,260,264,268,272,276,280,284,288,292,296,300,304,308,312,316,320,324,328,332,336,340,344,348,352,356,360,364,368,372,376,380,384,388,392,396,400,404,408,412,416,420,424,428,432,436,440,444,448,452,456,460,464,468,472,476,480,484,488,492,496,500,504,508,512,516,520,524,528,532,536,540,544,548,552,556,560,564,568,572,576,580,584,588,592,596,600,604,608,612,616,620,624,628,632,636,640,644,648,652,656,660,664,668,672,676,680,684,688,692,696,700,704,708,712,716,720,724,728,732,736,740,744,748,752,756,760,764,768,772,776,780,784,788,792,796,800,804,808,812,816,820,824,828,832,836,840,844,848,852,856,860,864,868,872,876,880,884,888,892,896,900,904,908,912,916,920,924,928,932,936,940,944,948,952,956,960,964,968,972,976,980,984,988,992,996},{0,0,0,0,0,0,0,0,0,0,0,0,0,0,0,0,0,0,0,0,0,0,0,0,0,0,0,0,0,0,0,0,0,0,0,0,0,0,0,0,0,0,0,0,0,0,0,0,0,0,0,0,0,0,0,0,0,0,0,0,0,0,0,0,0,0,0,0,0,0,0,0,0,0,0,0,0,0,0,0,0,0,0,0,0,0,0,0,0,0,0,0,0,0,0,0,0,0,0,0,0,0,0,0,0,0,0,0,0,0,0,0,0,0,0,0,0,0,0,0,0,0,0,0,0,0,0,0,0,0,0,0,0,0,0,0,0,0,0,0,0,0,0,0,0,0,0,0,0,0,0,0,0,0,0,0,0,0,0,0,0,0,0,0,0,0,0,0,0,0,0,0,0,0,0,0,0,0,0,0,0,0,0,0,0,0,0,0,0,0,0,0,0,0,0,0,0,0,0,0,0,0,0,0,0,0,0,0,0,0,0,0,0,0,0,2,4,6,8,10,12,14,16,18,20,22,24,26,28,30,32,34,36,38,40,42,44,46,48,50,52,54,56,58,60,62,64,66,68,70,72,74,76,78,80,82,84,86,88,90,92,94,96,98,100,102,104,106,108,110,112,114,116,118,120,122,124,126,128,130,132,134,136,138,140,142,144,146,148,150,152,154,156,158,160,162,164,166,168,170,172,174,176,178,180,182,184,186,188,190,192,194,196,198,200,202,204,206,208,210,212,214,216,218,220,222,224,226,228,230,232,234,236,238,240,242,244,246,248,250,252,254,256,258,260,262,264,266,268,270,272,274,276,278,280,282,284,286,288,290,292,294,296,298,300,302,304,306,308,310,312,314,316,318,320,322,324,326,328,330,332,334,336,338,340,342,344,346,348,350,352,354,356,358,360,362,364,366,368,370,372,374,376,378,380,382,384,386,388,390,392,394,396,398,400,402,404,406,408,410,412,414,416,418,420,422,424,426,428,430,432,434},{0,0,0,0,0,0,0,0,0,0,0,0,0,0,0,0,0,0,0,0,0,0,0,0,0,0,0,0,0,0,0,0,0,0,0,0,0,0,0,0,0,0,0,0,0,0,0,0,0,0,0,0,0,0,0,0,0,0,0,0,0,0,0,0,0,0,0,0,0,0,0,0,0,0,0,0,0,0,0,0,0,0,0,0,0,0,0,0,0,0,0,0,0,0,0,0,0,0,0,0,0,0,0,0,0,0,0,0,0,0,0,0,0,0,0,0,0,0,0,0,0,0,0,0,0,0,0,0,0,0,0,0,0,0,0,0,0,0,0,0,0,0,0,0,0,0,0,0,0,0,0,0,0,0,0,0,0,0,0,0,0,0,0,0,0,0,0,0,0,0,0,0,0,0,0,0,0,0,0,0,0,0,0,0,0,0,0,0,0,0,0,0,0,0,0,0,0,0,0,0,0,0,0,0,0,0,0,0,0,0,0,0,0,0,0,0,0,0,0,0,2,4,6,8,10,12,14,16,18,20,22,24,26,28,30,32,34,36,38,40,42,44,46,48,50,52,54,56,58,60,62,64,66,68,70,72,74,76,78,80,82,84,86,88,90,92,94,96,98,100,102,104,106,108,110,112,114,116,118,120,122,124,126,128,130,132,134,136,138,140,142,144,146,148,150,152,154,156,158,160,162,164,166,168,170,172,174,176,178,180,182,184,186,188,190,192,194,196,198,200,202,204,206,208,210,212,214,216,218,220,222,224,226,228,230,232,234,236,238,240,242,244,246,248,250,252,254,256,258,260,262,264,266,268,270,272,274,276,278,280,282,284,286,288,290,292,294,296,298,300,302,304,306,308,310,312,314,316,318,320,322,324,326,328,330,332,334,336,338,340,342,344,346,348,350,352,354,356,358,360,362,364,366,368,370,372,374,376,378,380,382,384,386,388,390,392,394,396,398,400,402,404,406,408,410,412,414,416,418,420,422,424},{0,0,0,0,0,0,0,0,0,0,0,0,0,0,0,0,0,0,0,0,0,0,0,0,0,0,0,0,0,0,0,0,0,0,0,0,0,0,0,0,0,0,0,0,0,0,0,0,0,0,0,0,0,0,0,0,0,0,0,0,0,0,0,0,0,0,0,0,0,0,0,0,0,0,0,0,0,0,0,0,0,0,0,0,0,0,0,0,0,0,0,0,0,0,0,0,0,0,0,0,0,0,0,0,0,0,0,0,0,0,0,0,0,0,0,0,0,0,0,0,0,0,0,0,0,0,0,0,0,0,0,0,0,0,0,0,0,0,0,0,0,0,0,0,0,0,0,0,0,0,0,0,0,0,0,0,0,0,0,0,0,0,0,0,0,0,0,0,0,0,0,0,0,0,0,0,0,0,0,0,0,0,0,0,0,0,0,0,0,0,0,0,0,0,0,0,0,0,0,0,0,0,0,0,0,0,0,0,0,0,0,0,0,0,0,0,0,0,0,0,0,0,0,0,0,0,0,0,0,0,0,4,8,12,16,20,24,28,32,36,40,44,48,52,56,60,64,68,72,76,80,84,88,92,96,100,104,108,112,116,120,124,128,132,136,140,144,148,152,156,160,164,168,172,176,180,184,188,192,196,200,204,208,212,216,220,224,228,232,236,240,244,248,252,256,260,264,268,272,276,280,284,288,292,296,300,304,308,312,316,320,324,328,332,336,340,344,348,352,356,360,364,368,372,376,380,384,388,392,396,400,404,408,412,416,420,424,428,432,436,440,444,448,452,456,460,464,468,472,476,480,484,488,492,496,500,504,508,512,516,520,524,528,532,536,540,544,548,552,556,560,564,568,572,576,580,584,588,592,596,600,604,608,612,616,620,624,628,632,636,640,644,648,652,656,660,664,668,672,676,680,684,688,692,696,700,704,708,712,716,720,724,728,732,736,740,744,748,752,756,760,764,768,772,776,780,784,788,792,796,800,804},{0,0,0,0,0,0,0,0,0,0,0,0,0,0,0,0,0,0,0,0,0,0,0,0,0,0,0,0,0,0,0,0,0,0,0,0,0,0,0,0,0,0,0,0,0,0,0,0,0,0,0,0,0,0,0,0,0,0,0,0,0,0,0,0,0,0,0,0,0,0,0,0,0,0,0,0,0,0,0,0,0,0,0,0,0,0,0,0,0,0,0,0,0,0,0,0,0,0,0,0,0,0,0,0,0,0,0,0,0,0,0,0,0,0,0,0,0,0,0,0,0,0,0,0,0,0,0,0,0,0,0,0,0,0,0,0,0,0,0,0,0,0,0,0,0,0,0,0,0,0,0,0,0,0,0,0,0,0,0,0,0,0,0,0,0,0,0,0,0,0,0,0,0,0,0,0,0,0,0,0,0,0,0,0,0,0,0,0,0,0,0,0,0,0,0,0,0,0,0,0,0,0,0,0,0,0,0,0,0,0,0,0,0,0,0,0,0,0,0,0,0,0,0,0,0,0,0,0,0,0,0,0,0,0,0,0,0,0,0,0,0,2,4,6,8,10,12,14,16,18,20,22,24,26,28,30,32,34,36,38,40,42,44,46,48,50,52,54,56,58,60,62,64,66,68,70,72,74,76,78,80,82,84,86,88,90,92,94,96,98,100,102,104,106,108,110,112,114,116,118,120,122,124,126,128,130,132,134,136,138,140,142,144,146,148,150,152,154,156,158,160,162,164,166,168,170,172,174,176,178,180,182,184,186,188,190,192,194,196,198,200,202,204,206,208,210,212,214,216,218,220,222,224,226,228,230,232,234,236,238,240,242,244,246,248,250,252,254,256,258,260,262,264,266,268,270,272,274,276,278,280,282,284,286,288,290,292,294,296,298,300,302,304,306,308,310,312,314,316,318,320,322,324,326,328,330,332,334,336,338,340,342,344,346,348,350,352,354,356,358,360,362,364,366,368,370,372,374,376,378,380,382},{0,0,0,0,0,0,0,0,0,0,0,0,0,0,0,0,0,0,0,0,0,0,0,0,0,0,0,0,0,0,0,0,0,0,0,0,0,0,0,0,0,0,0,0,0,0,0,0,0,0,0,0,0,0,0,0,0,0,0,0,0,0,0,0,0,0,0,0,0,0,0,0,0,0,0,0,0,0,0,0,0,0,0,0,0,0,0,0,0,0,0,0,0,0,0,0,0,0,0,0,0,0,0,0,0,0,0,0,0,0,0,0,0,0,0,0,0,0,0,0,0,0,0,0,0,0,0,0,0,0,0,0,0,0,0,0,0,0,0,0,0,0,0,0,0,0,0,0,0,0,0,0,0,0,0,0,0,0,0,0,0,0,0,0,0,0,0,0,0,0,0,0,0,0,0,0,0,0,0,0,0,0,0,0,0,0,0,0,0,0,0,0,0,0,0,0,0,0,0,0,0,0,0,0,0,0,0,0,0,0,0,0,0,0,0,0,0,0,0,0,0,0,0,0,0,0,0,0,0,0,0,0,0,0,0,0,0,0,0,0,0,0,0,0,0,0,0,0,0,3,6,9,12,15,18,21,24,27,30,33,36,39,42,45,48,51,54,57,60,63,66,69,72,75,78,81,84,87,90,93,96,99,102,105,108,111,114,117,120,123,126,129,132,135,138,141,144,147,150,153,156,159,162,165,168,171,174,177,180,183,186,189,192,195,198,201,204,207,210,213,216,219,222,225,228,231,234,237,240,243,246,249,252,255,258,261,264,267,270,273,276,279,282,285,288,291,294,297,300,303,306,309,312,315,318,321,324,327,330,333,336,339,342,345,348,351,354,357,360,363,366,369,372,375,378,381,384,387,390,393,396,399,402,405,408,411,414,417,420,423,426,429,432,435,438,441,444,447,450,453,456,459,462,465,468,471,474,477,480,483,486,489,492,495,498,501,504,507,510,513,516,519,522,525,528,531,534,537,540,543,546,549},{0,0,0,0,0,0,0,0,0,0,0,0,0,0,0,0,0,0,0,0,0,0,0,0,0,0,0,0,0,0,0,0,0,0,0,0,0,0,0,0,0,0,0,0,0,0,0,0,0,0,0,0,0,0,0,0,0,0,0,0,0,0,0,0,0,0,0,0,0,0,0,0,0,0,0,0,0,0,0,0,0,0,0,0,0,0,0,0,0,0,0,0,0,0,0,0,0,0,0,0,0,0,0,0,0,0,0,0,0,0,0,0,0,0,0,0,0,0,0,0,0,0,0,0,0,0,0,0,0,0,0,0,0,0,0,0,0,0,0,0,0,0,0,0,0,0,0,0,0,0,0,0,0,0,0,0,0,0,0,0,0,0,0,0,0,0,0,0,0,0,0,0,0,0,0,0,0,0,0,0,0,0,0,0,0,0,0,0,0,0,0,0,0,0,0,0,0,0,0,0,0,0,0,0,0,0,0,0,0,0,0,0,0,0,0,0,0,0,0,0,0,0,0,0,0,0,0,0,0,0,0,0,0,0,0,0,0,0,0,0,0,0,0,0,0,0,0,0,0,0,0,0,0,0,0,0,3,6,9,12,15,18,21,24,27,30,33,36,39,42,45,48,51,54,57,60,63,66,69,72,75,78,81,84,87,90,93,96,99,102,105,108,111,114,117,120,123,126,129,132,135,138,141,144,147,150,153,156,159,162,165,168,171,174,177,180,183,186,189,192,195,198,201,204,207,210,213,216,219,222,225,228,231,234,237,240,243,246,249,252,255,258,261,264,267,270,273,276,279,282,285,288,291,294,297,300,303,306,309,312,315,318,321,324,327,330,333,336,339,342,345,348,351,354,357,360,363,366,369,372,375,378,381,384,387,390,393,396,399,402,405,408,411,414,417,420,423,426,429,432,435,438,441,444,447,450,453,456,459,462,465,468,471,474,477,480,483,486,489,492,495,498,501,504,507,510,513,516,519,522,525,528},{0,0,0,0,0,0,0,0,0,0,0,0,0,0,0,0,0,0,0,0,0,0,0,0,0,0,0,0,0,0,0,0,0,0,0,0,0,0,0,0,0,0,0,0,0,0,0,0,0,0,0,0,0,0,0,0,0,0,0,0,0,0,0,0,0,0,0,0,0,0,0,0,0,0,0,0,0,0,0,0,0,0,0,0,0,0,0,0,0,0,0,8,16,24,32,40,48,56,64,72,80,88,96,104,112,120,128,136,144,152,160,168,176,184,192,200,208,216,224,232,240,248,256,264,272,280,288,296,304,312,320,328,336,344,352,360,368,376,384,392,400,408,416,424,432,440,448,456,464,472,480,488,496,504,512,520,528,536,544,552,560,568,576,584,592,600,608,616,624,632,640,648,656,664,672,680,688,696,704,712,720,728,736,744,752,760,768,776,784,792,800,808,816,824,832,840,848,856,864,872,880,888,896,904,912,920,928,936,944,952,960,968,976,984,992,1000,1008,1016,1024,1032,1040,1048,1056,1064,1072,1080,1088,1096,1104,1112,1120,1128,1136,1144,1152,1160,1168,1176,1184,1192,1200,1208,1216,1224,1232,1240,1248,1256,1264,1272,1280,1288,1296,1304,1312,1320,1328,1336,1344,1352,1360,1368,1376,1384,1392,1400,1408,1416,1424,1432,1440,1448,1456,1464,1472,1480,1488,1496,1504,1512,1520,1528,1536,1544,1552,1560,1568,1576,1584,1592,1600,1608,1616,1624,1632,1640,1648,1656,1664,1672,1680,1688,1696,1704,1712,1720,1728,1736,1744,1752,1760,1768,1776,1784,1792,1800,1808,1816,1824,1832,1840,1848,1856,1864,1872,1880,1888,1896,1904,1912,1920,1928,1936,1944,1952,1960,1968,1976,1984,1992,2000,2008,2016,2024,2032,2040,2048,2056,2064,2072,2080,2088,2096,2104,2112,2120,2128,2136,2144,2152,2160,2168,2176,2184,2192,2200,2208,2216,2224,2232,2240,2248,2256,2264,2272,2280,2288,2296,2304,2312,2320,2328,2336,2344,2352,2360,2368,2376,2384,2392,2400,2408,2416,2424,2432,2440,2448,2456,2464,2472,2480,2488,2496,2504,2512,2520,2528,2536,2544,2552,2560,2568,2576,2584,2592,2600,2608,2616,2624,2632,2640,2648,2656,2664,2672,2680,2688,2696,2704,2712,2720,2728},{0,0,0,0,0,0,0,0,0,0,0,0,0,0,0,0,0,0,0,0,0,0,0,0,0,0,0,0,0,0,0,0,0,0,0,0,0,0,0,0,0,0,0,0,0,0,0,0,0,0,0,0,0,0,0,0,0,0,0,0,0,0,0,0,0,0,0,0,0,0,0,0,0,0,0,0,0,4,8,12,16,20,24,28,32,36,40,44,48,52,56,60,64,68,72,76,80,84,88,92,96,100,104,108,112,116,120,124,128,132,136,140,144,148,152,156,160,164,168,172,176,180,184,188,192,196,200,204,208,212,216,220,224,228,232,236,240,244,248,252,256,260,264,268,272,276,280,284,288,292,296,300,304,308,312,316,320,324,328,332,336,340,344,348,352,356,360,364,368,372,376,380,384,388,392,396,400,404,408,412,416,420,424,428,432,436,440,444,448,452,456,460,464,468,472,476,480,484,488,492,496,500,504,508,512,516,520,524,528,532,536,540,544,548,552,556,560,564,568,572,576,580,584,588,592,596,600,604,608,612,616,620,624,628,632,636,640,644,648,652,656,660,664,668,672,676,680,684,688,692,696,700,704,708,712,716,720,724,728,732,736,740,744,748,752,756,760,764,768,772,776,780,784,788,792,796,800,804,808,812,816,820,824,828,832,836,840,844,848,852,856,860,864,868,872,876,880,884,888,892,896,900,904,908,912,916,920,924,928,932,936,940,944,948,952,956,960,964,968,972,976,980,984,988,992,996,1000,1004,1008,1012,1016,1020,1024,1028,1032,1036,1040,1044,1048,1052,1056,1060,1064,1068,1072,1076,1080,1084,1088,1092,1096,1100,1104,1108,1112,1116,1120,1124,1128,1132,1136,1140,1144,1148,1152,1156,1160,1164,1168,1172,1176,1180,1184,1188,1192,1196,1200,1204,1208,1212,1216,1220,1224,1228,1232,1236,1240,1244,1248,1252,1256,1260,1264,1268,1272,1276,1280,1284,1288,1292,1296,1300,1304,1308,1312,1316,1320,1324,1328,1332,1336,1340,1344,1348,1352,1356,1360,1364,1368,1372,1376,1380,1384,1388,1392,1396,1400,1404,1408,1412,1416,1420},{0,0,0,0,0,0,0,0,0,0,0,0,0,0,0,0,0,0,0,0,0,0,0,0,0,0,0,0,0,0,0,0,0,0,0,0,0,0,0,0,0,0,0,0,0,0,0,0,0,0,0,0,0,0,0,0,0,0,0,0,0,0,0,0,0,0,0,0,0,0,0,0,0,0,0,0,0,0,0,0,0,0,0,0,0,0,0,0,0,0,0,4,8,12,16,20,24,28,32,36,40,44,48,52,56,60,64,68,72,76,80,84,88,92,96,100,104,108,112,116,120,124,128,132,136,140,144,148,152,156,160,164,168,172,176,180,184,188,192,196,200,204,208,212,216,220,224,228,232,236,240,244,248,252,256,260,264,268,272,276,280,284,288,292,296,300,304,308,312,316,320,324,328,332,336,340,344,348,352,356,360,364,368,372,376,380,384,388,392,396,400,404,408,412,416,420,424,428,432,436,440,444,448,452,456,460,464,468,472,476,480,484,488,492,496,500,504,508,512,516,520,524,528,532,536,540,544,548,552,556,560,564,568,572,576,580,584,588,592,596,600,604,608,612,616,620,624,628,632,636,640,644,648,652,656,660,664,668,672,676,680,684,688,692,696,700,704,708,712,716,720,724,728,732,736,740,744,748,752,756,760,764,768,772,776,780,784,788,792,796,800,804,808,812,816,820,824,828,832,836,840,844,848,852,856,860,864,868,872,876,880,884,888,892,896,900,904,908,912,916,920,924,928,932,936,940,944,948,952,956,960,964,968,972,976,980,984,988,992,996,1000,1004,1008,1012,1016,1020,1024,1028,1032,1036,1040,1044,1048,1052,1056,1060,1064,1068,1072,1076,1080,1084,1088,1092,1096,1100,1104,1108,1112,1116,1120,1124,1128,1132,1136,1140,1144,1148,1152,1156,1160,1164,1168,1172,1176,1180,1184,1188,1192,1196,1200,1204,1208,1212,1216,1220,1224,1228,1232,1236,1240,1244,1248,1252,1256,1260,1264,1268,1272,1276,1280,1284,1288,1292,1296,1300,1304,1308,1312,1316,1320,1324,1328,1332,1336,1340,1344,1348,1352,1356,1360,1364},{0,0,0,0,0,0,0,0,0,0,0,0,0,0,0,0,0,0,0,0,0,0,0,0,0,0,0,0,0,0,0,0,0,0,0,0,0,0,0,0,0,0,0,0,0,0,0,0,0,0,0,0,0,0,0,0,0,0,0,0,0,0,0,0,0,0,0,0,0,0,0,0,0,0,0,0,0,0,0,0,0,0,0,0,0,0,0,0,0,0,0,0,0,0,0,4,8,12,16,20,24,28,32,36,40,44,48,52,56,60,64,68,72,76,80,84,88,92,96,100,104,108,112,116,120,124,128,132,136,140,144,148,152,156,160,164,168,172,176,180,184,188,192,196,200,204,208,212,216,220,224,228,232,236,240,244,248,252,256,260,264,268,272,276,280,284,288,292,296,300,304,308,312,316,320,324,328,332,336,340,344,348,352,356,360,364,368,372,376,380,384,388,392,396,400,404,408,412,416,420,424,428,432,436,440,444,448,452,456,460,464,468,472,476,480,484,488,492,496,500,504,508,512,516,520,524,528,532,536,540,544,548,552,556,560,564,568,572,576,580,584,588,592,596,600,604,608,612,616,620,624,628,632,636,640,644,648,652,656,660,664,668,672,676,680,684,688,692,696,700,704,708,712,716,720,724,728,732,736,740,744,748,752,756,760,764,768,772,776,780,784,788,792,796,800,804,808,812,816,820,824,828,832,836,840,844,848,852,856,860,864,868,872,876,880,884,888,892,896,900,904,908,912,916,920,924,928,932,936,940,944,948,952,956,960,964,968,972,976,980,984,988,992,996,1000,1004,1008,1012,1016,1020,1024,1028,1032,1036,1040,1044,1048,1052,1056,1060,1064,1068,1072,1076,1080,1084,1088,1092,1096,1100,1104,1108,1112,1116,1120,1124,1128,1132,1136,1140,1144,1148,1152,1156,1160,1164,1168,1172,1176,1180,1184,1188,1192,1196,1200,1204,1208,1212,1216,1220,1224,1228,1232,1236,1240,1244,1248,1252,1256,1260,1264,1268,1272,1276,1280,1284,1288,1292,1296,1300,1304,1308,1312,1316,1320,1324,1328,1332,1336,1340,1344,1348},{0,0,0,0,0,0,0,0,0,0,0,0,0,0,0,0,0,0,0,0,0,0,0,0,0,0,0,0,0,0,0,0,0,0,0,0,0,0,0,0,0,0,0,0,0,0,0,0,0,0,0,0,0,0,0,0,0,0,0,0,0,0,0,0,0,0,0,0,0,0,0,0,0,0,0,0,0,0,0,0,0,0,0,0,0,0,0,0,0,0,0,0,4,8,12,16,20,24,28,32,36,40,44,48,52,56,60,64,68,72,76,80,84,88,92,96,100,104,108,112,116,120,124,128,132,136,140,144,148,152,156,160,164,168,172,176,180,184,188,192,196,200,204,208,212,216,220,224,228,232,236,240,244,248,252,256,260,264,268,272,276,280,284,288,292,296,300,304,308,312,316,320,324,328,332,336,340,344,348,352,356,360,364,368,372,376,380,384,388,392,396,400,404,408,412,416,420,424,428,432,436,440,444,448,452,456,460,464,468,472,476,480,484,488,492,496,500,504,508,512,516,520,524,528,532,536,540,544,548,552,556,560,564,568,572,576,580,584,588,592,596,600,604,608,612,616,620,624,628,632,636,640,644,648,652,656,660,664,668,672,676,680,684,688,692,696,700,704,708,712,716,720,724,728,732,736,740,744,748,752,756,760,764,768,772,776,780,784,788,792,796,800,804,808,812,816,820,824,828,832,836,840,844,848,852,856,860,864,868,872,876,880,884,888,892,896,900,904,908,912,916,920,924,928,932,936,940,944,948,952,956,960,964,968,972,976,980,984,988,992,996,1000,1004,1008,1012,1016,1020,1024,1028,1032,1036,1040,1044,1048,1052,1056,1060,1064,1068,1072,1076,1080,1084,1088,1092,1096,1100,1104,1108,1112,1116,1120,1124,1128,1132,1136,1140,1144,1148,1152,1156,1160,1164,1168,1172,1176,1180,1184,1188,1192,1196,1200,1204,1208,1212,1216,1220,1224,1228,1232,1236,1240,1244,1248,1252,1256,1260,1264,1268,1272,1276,1280,1284,1288,1292,1296,1300,1304,1308,1312,1316,1320,1324,1328,1332,1336,1340,1344,1348,1352,1356,1360},{0,0,0,0,0,0,0,0,0,0,0,0,0,0,0,0,0,0,0,0,0,0,0,0,0,0,0,0,0,0,0,0,0,0,0,0,0,0,0,0,0,0,0,0,0,0,0,0,0,0,0,0,0,0,0,0,0,0,0,0,0,0,0,0,0,0,0,0,0,0,0,0,0,0,0,0,0,0,0,0,0,0,0,0,0,0,0,0,0,0,0,0,0,0,0,0,0,0,0,0,0,0,0,0,0,0,0,0,0,0,0,0,0,0,0,0,0,0,0,0,0,0,0,0,0,0,0,0,0,0,0,0,0,0,0,0,0,0,0,0,0,8,16,24,32,40,48,56,64,72,80,88,96,104,112,120,128,136,144,152,160,168,176,184,192,200,208,216,224,232,240,248,256,264,272,280,288,296,304,312,320,328,336,344,352,360,368,376,384,392,400,408,416,424,432,440,448,456,464,472,480,488,496,504,512,520,528,536,544,552,560,568,576,584,592,600,608,616,624,632,640,648,656,664,672,680,688,696,704,712,720,728,736,744,752,760,768,776,784,792,800,808,816,824,832,840,848,856,864,872,880,888,896,904,912,920,928,936,944,952,960,968,976,984,992,1000,1008,1016,1024,1032,1040,1048,1056,1064,1072,1080,1088,1096,1104,1112,1120,1128,1136,1144,1152,1160,1168,1176,1184,1192,1200,1208,1216,1224,1232,1240,1248,1256,1264,1272,1280,1288,1296,1304,1312,1320,1328,1336,1344,1352,1360,1368,1376,1384,1392,1400,1408,1416,1424,1432,1440,1448,1456,1464,1472,1480,1488,1496,1504,1512,1520,1528,1536,1544,1552,1560,1568,1576,1584,1592,1600,1608,1616,1624,1632,1640,1648,1656,1664,1672,1680,1688,1696,1704,1712,1720,1728,1736,1744,1752,1760,1768,1776,1784,1792,1800,1808,1816,1824,1832,1840,1848,1856,1864,1872,1880,1888,1896,1904,1912,1920,1928,1936,1944,1952,1960,1968,1976,1984,1992,2000,2008,2016,2024,2032,2040,2048,2056,2064,2072,2080,2088,2096,2104,2112,2120,2128,2136,2144,2152,2160,2168,2176,2184,2192,2200,2208,2216,2224,2232,2240,2248,2256,2264,2272,2280,2288,2296,2304,2312,2320,2328},{0,0,0,0,0,0,0,0,0,0,0,0,0,0,0,0,0,0,0,0,0,0,0,0,0,0,0,0,0,0,0,0,0,0,0,0,0,0,0,0,0,0,0,0,0,0,0,0,0,0,0,0,0,0,0,0,0,0,0,0,0,0,0,0,0,0,0,0,0,0,0,0,0,0,0,0,0,0,0,0,0,0,0,0,0,0,0,0,0,0,0,0,0,0,0,0,0,0,0,0,0,0,0,0,0,0,0,0,0,0,0,0,0,0,0,0,0,0,0,0,0,0,0,0,0,0,0,0,0,0,0,0,0,0,0,0,0,0,0,0,0,0,0,0,0,0,0,0,0,0,0,0,0,0,0,0,0,0,4,8,12,16,20,24,28,32,36,40,44,48,52,56,60,64,68,72,76,80,84,88,92,96,100,104,108,112,116,120,124,128,132,136,140,144,148,152,156,160,164,168,172,176,180,184,188,192,196,200,204,208,212,216,220,224,228,232,236,240,244,248,252,256,260,264,268,272,276,280,284,288,292,296,300,304,308,312,316,320,324,328,332,336,340,344,348,352,356,360,364,368,372,376,380,384,388,392,396,400,404,408,412,416,420,424,428,432,436,440,444,448,452,456,460,464,468,472,476,480,484,488,492,496,500,504,508,512,516,520,524,528,532,536,540,544,548,552,556,560,564,568,572,576,580,584,588,592,596,600,604,608,612,616,620,624,628,632,636,640,644,648,652,656,660,664,668,672,676,680,684,688,692,696,700,704,708,712,716,720,724,728,732,736,740,744,748,752,756,760,764,768,772,776,780,784,788,792,796,800,804,808,812,816,820,824,828,832,836,840,844,848,852,856,860,864,868,872,876,880,884,888,892,896,900,904,908,912,916,920,924,928,932,936,940,944,948,952,956,960,964,968,972,976,980,984,988,992,996,1000,1004,1008,1012,1016,1020,1024,1028,1032,1036,1040,1044,1048,1052,1056,1060,1064,1068,1072,1076,1080,1084,1088,1092,1096},{0,0,0,0,0,0,0,0,0,0,0,0,0,0,0,0,0,0,0,0,0,0,0,0,0,0,0,0,0,0,0,0,0,0,0,0,0,0,0,0,0,0,0,0,0,0,0,0,0,0,0,0,0,0,0,0,0,0,0,0,0,0,0,0,0,0,0,0,0,0,0,0,0,0,0,0,0,0,0,0,0,0,0,0,0,0,0,0,0,0,0,0,0,0,0,0,0,0,0,0,0,0,0,0,0,0,0,0,0,0,0,0,0,0,0,0,0,0,0,0,0,0,0,0,0,0,0,0,0,0,0,0,0,0,0,0,0,0,0,0,0,0,0,0,0,0,0,0,0,0,0,0,0,0,0,0,0,0,0,0,0,4,8,12,16,20,24,28,32,36,40,44,48,52,56,60,64,68,72,76,80,84,88,92,96,100,104,108,112,116,120,124,128,132,136,140,144,148,152,156,160,164,168,172,176,180,184,188,192,196,200,204,208,212,216,220,224,228,232,236,240,244,248,252,256,260,264,268,272,276,280,284,288,292,296,300,304,308,312,316,320,324,328,332,336,340,344,348,352,356,360,364,368,372,376,380,384,388,392,396,400,404,408,412,416,420,424,428,432,436,440,444,448,452,456,460,464,468,472,476,480,484,488,492,496,500,504,508,512,516,520,524,528,532,536,540,544,548,552,556,560,564,568,572,576,580,584,588,592,596,600,604,608,612,616,620,624,628,632,636,640,644,648,652,656,660,664,668,672,676,680,684,688,692,696,700,704,708,712,716,720,724,728,732,736,740,744,748,752,756,760,764,768,772,776,780,784,788,792,796,800,804,808,812,816,820,824,828,832,836,840,844,848,852,856,860,864,868,872,876,880,884,888,892,896,900,904,908,912,916,920,924,928,932,936,940,944,948,952,956,960,964,968,972,976,980,984,988,992,996,1000,1004,1008,1012,1016,1020,1024,1028,1032,1036,1040,1044,1048,1052,1056,1060,1064,1068,1072,1076,1080,1084},{0,0,0,0,0,0,0,0,0,0,0,0,0,0,0,0,0,0,0,0,0,0,0,0,0,0,0,0,0,0,0,0,0,0,0,0,0,0,0,0,0,0,0,0,0,0,0,0,0,0,0,0,0,0,0,0,0,0,0,0,0,0,0,0,0,0,0,0,0,0,0,0,0,0,0,0,0,0,0,0,0,0,0,0,0,0,0,0,0,0,0,0,0,0,0,0,0,0,0,0,0,0,0,0,0,0,0,0,0,0,0,0,0,0,0,0,0,0,0,0,0,0,0,0,0,0,0,0,0,0,0,0,0,0,0,0,0,0,0,0,0,0,0,0,0,0,0,0,0,0,0,0,0,0,0,0,0,0,0,0,0,0,0,0,0,0,0,0,0,0,0,0,0,0,0,0,0,0,0,0,0,0,0,0,0,0,0,0,0,6,12,18,24,30,36,42,48,54,60,66,72,78,84,90,96,102,108,114,120,126,132,138,144,150,156,162,168,174,180,186,192,198,204,210,216,222,228,234,240,246,252,258,264,270,276,282,288,294,300,306,312,318,324,330,336,342,348,354,360,366,372,378,384,390,396,402,408,414,420,426,432,438,444,450,456,462,468,474,480,486,492,498,504,510,516,522,528,534,540,546,552,558,564,570,576,582,588,594,600,606,612,618,624,630,636,642,648,654,660,666,672,678,684,690,696,702,708,714,720,726,732,738,744,750,756,762,768,774,780,786,792,798,804,810,816,822,828,834,840,846,852,858,864,870,876,882,888,894,900,906,912,918,924,930,936,942,948,954,960,966,972,978,984,990,996,1002,1008,1014,1020,1026,1032,1038,1044,1050,1056,1062,1068,1074,1080,1086,1092,1098,1104,1110,1116,1122,1128,1134,1140,1146,1152,1158,1164,1170,1176,1182,1188,1194,1200,1206,1212,1218,1224,1230,1236,1242,1248,1254,1260,1266,1272,1278,1284,1290,1296,1302,1308,1314,1320,1326,1332,1338,1344,1350,1356,1362,1368,1374,1380,1386,1392,1398,1404,1410,1416,1422,1428,1434,1440,1446,1452,1458},{0,0,0,0,0,0,0,0,0,0,0,0,0,0,0,0,0,0,0,0,0,0,0,0,0,0,0,0,0,0,0,0,0,0,0,0,0,0,0,0,0,0,0,0,0,0,0,0,0,0,0,0,0,0,0,0,0,0,0,0,0,0,0,0,0,0,0,0,0,0,0,0,0,0,0,0,0,0,0,0,0,0,0,0,0,0,0,0,0,0,0,0,0,0,0,0,0,0,0,0,0,0,0,0,0,0,0,0,0,0,0,0,0,0,0,0,0,0,0,0,0,0,0,0,0,0,0,0,0,0,0,0,0,0,0,0,0,0,0,0,0,0,0,0,0,0,0,0,0,0,0,0,0,0,0,0,0,0,0,0,0,0,0,0,0,0,0,0,0,0,0,0,0,0,0,0,0,0,0,0,0,0,0,0,0,0,4,8,12,16,20,24,28,32,36,40,44,48,52,56,60,64,68,72,76,80,84,88,92,96,100,104,108,112,116,120,124,128,132,136,140,144,148,152,156,160,164,168,172,176,180,184,188,192,196,200,204,208,212,216,220,224,228,232,236,240,244,248,252,256,260,264,268,272,276,280,284,288,292,296,300,304,308,312,316,320,324,328,332,336,340,344,348,352,356,360,364,368,372,376,380,384,388,392,396,400,404,408,412,416,420,424,428,432,436,440,444,448,452,456,460,464,468,472,476,480,484,488,492,496,500,504,508,512,516,520,524,528,532,536,540,544,548,552,556,560,564,568,572,576,580,584,588,592,596,600,604,608,612,616,620,624,628,632,636,640,644,648,652,656,660,664,668,672,676,680,684,688,692,696,700,704,708,712,716,720,724,728,732,736,740,744,748,752,756,760,764,768,772,776,780,784,788,792,796,800,804,808,812,816,820,824,828,832,836,840,844,848,852,856,860,864,868,872,876,880,884,888,892,896,900,904,908,912,916,920,924,928,932,936,940,944,948,952,956,960,964,968,972,976,980,984},{0,0,0,0,0,0,0,0,0,0,0,0,0,0,0,0,0,0,0,0,0,0,0,0,0,0,0,0,0,0,0,0,0,0,0,0,0,0,0,0,0,0,0,0,0,0,0,0,0,0,0,0,0,0,0,0,0,0,0,0,0,0,0,0,0,0,0,0,0,0,0,0,0,0,0,0,0,0,0,0,0,0,0,0,0,0,0,0,0,0,0,0,0,0,0,0,0,0,0,0,0,0,0,0,0,0,0,0,0,0,0,0,0,0,0,0,0,0,0,0,0,0,0,0,0,0,0,0,0,0,0,0,0,0,0,0,0,0,0,0,0,0,0,0,0,0,0,0,0,0,0,0,0,0,0,0,0,0,0,0,0,0,0,0,0,0,0,0,0,0,0,0,0,0,0,0,0,0,0,0,0,0,0,0,0,0,0,0,0,0,0,0,0,0,0,0,0,0,0,0,0,4,8,12,16,20,24,28,32,36,40,44,48,52,56,60,64,68,72,76,80,84,88,92,96,100,104,108,112,116,120,124,128,132,136,140,144,148,152,156,160,164,168,172,176,180,184,188,192,196,200,204,208,212,216,220,224,228,232,236,240,244,248,252,256,260,264,268,272,276,280,284,288,292,296,300,304,308,312,316,320,324,328,332,336,340,344,348,352,356,360,364,368,372,376,380,384,388,392,396,400,404,408,412,416,420,424,428,432,436,440,444,448,452,456,460,464,468,472,476,480,484,488,492,496,500,504,508,512,516,520,524,528,532,536,540,544,548,552,556,560,564,568,572,576,580,584,588,592,596,600,604,608,612,616,620,624,628,632,636,640,644,648,652,656,660,664,668,672,676,680,684,688,692,696,700,704,708,712,716,720,724,728,732,736,740,744,748,752,756,760,764,768,772,776,780,784,788,792,796,800,804,808,812,816,820,824,828,832,836,840,844,848,852,856,860,864,868,872,876,880,884,888,892,896,900,904,908,912,916,920,924},{0,0,0,0,0,0,0,0,0,0,0,0,0,0,0,0,0,0,0,0,0,0,0,0,0,0,0,0,0,0,0,0,0,0,0,0,0,0,0,0,0,0,0,0,0,0,0,0,0,0,0,0,0,0,0,0,0,0,0,0,0,0,0,0,0,0,0,0,0,0,0,0,0,0,0,0,0,0,0,0,0,0,0,0,0,0,0,0,0,0,0,0,0,0,0,0,0,0,0,0,0,0,0,0,0,0,0,0,0,0,0,0,0,0,0,0,0,0,0,0,0,0,0,0,0,0,0,0,0,0,0,0,0,0,0,0,0,0,0,0,0,0,0,0,0,0,0,0,0,0,0,0,0,0,0,0,0,0,0,0,0,0,0,0,0,0,0,0,0,0,0,0,0,0,0,0,0,0,0,0,0,0,0,0,0,0,0,0,0,0,0,0,0,0,0,0,0,0,0,0,0,0,0,0,0,0,0,0,0,0,0,0,0,0,0,0,0,0,0,0,0,0,0,0,0,0,0,0,0,0,0,0,0,6,12,18,24,30,36,42,48,54,60,66,72,78,84,90,96,102,108,114,120,126,132,138,144,150,156,162,168,174,180,186,192,198,204,210,216,222,228,234,240,246,252,258,264,270,276,282,288,294,300,306,312,318,324,330,336,342,348,354,360,366,372,378,384,390,396,402,408,414,420,426,432,438,444,450,456,462,468,474,480,486,492,498,504,510,516,522,528,534,540,546,552,558,564,570,576,582,588,594,600,606,612,618,624,630,636,642,648,654,660,666,672,678,684,690,696,702,708,714,720,726,732,738,744,750,756,762,768,774,780,786,792,798,804,810,816,822,828,834,840,846,852,858,864,870,876,882,888,894,900,906,912,918,924,930,936,942,948,954,960,966,972,978,984,990,996,1002,1008,1014,1020,1026,1032,1038,1044,1050,1056,1062,1068,1074,1080,1086,1092,1098,1104,1110,1116,1122,1128,1134,1140,1146,1152,1158,1164,1170,1176,1182,1188,1194},{0,0,0,0,0,0,0,0,0,0,0,0,0,0,0,0,0,0,0,0,0,0,0,0,0,0,0,0,0,0,0,0,0,0,0,0,0,0,0,0,0,0,0,0,0,0,0,0,0,0,0,0,0,0,0,0,0,0,0,0,0,0,0,0,0,0,0,0,0,0,0,0,0,0,0,0,0,0,0,0,0,0,0,0,0,0,0,0,0,0,0,0,0,0,0,0,0,0,0,0,0,0,0,0,0,0,0,0,0,0,0,0,0,0,0,0,0,0,0,0,0,0,0,0,0,0,0,0,0,0,0,0,0,0,0,0,0,0,0,0,0,0,0,0,0,0,0,0,0,0,0,0,0,0,0,0,0,0,0,0,0,0,0,0,0,0,0,0,0,0,0,0,0,0,0,0,0,0,0,0,0,0,0,0,0,0,0,0,0,0,0,0,0,0,0,0,0,0,0,0,0,0,0,0,0,0,0,0,0,0,0,0,0,0,0,0,0,0,0,0,0,0,0,0,0,0,0,0,0,0,4,8,12,16,20,24,28,32,36,40,44,48,52,56,60,64,68,72,76,80,84,88,92,96,100,104,108,112,116,120,124,128,132,136,140,144,148,152,156,160,164,168,172,176,180,184,188,192,196,200,204,208,212,216,220,224,228,232,236,240,244,248,252,256,260,264,268,272,276,280,284,288,292,296,300,304,308,312,316,320,324,328,332,336,340,344,348,352,356,360,364,368,372,376,380,384,388,392,396,400,404,408,412,416,420,424,428,432,436,440,444,448,452,456,460,464,468,472,476,480,484,488,492,496,500,504,508,512,516,520,524,528,532,536,540,544,548,552,556,560,564,568,572,576,580,584,588,592,596,600,604,608,612,616,620,624,628,632,636,640,644,648,652,656,660,664,668,672,676,680,684,688,692,696,700,704,708,712,716,720,724,728,732,736,740,744,748,752,756,760,764,768,772,776,780,784,788,792,796,800,804,808},{0,0,0,0,0,0,0,0,0,0,0,0,0,0,0,0,0,0,0,0,0,0,0,0,0,0,0,0,0,0,0,0,0,0,0,0,0,0,0,0,0,0,0,0,0,0,0,0,0,0,0,0,0,0,0,0,0,0,0,0,0,0,0,0,0,0,0,0,0,0,0,0,0,0,0,0,0,0,0,0,0,0,0,0,0,0,0,0,0,0,0,0,0,0,0,0,0,0,0,0,0,0,0,0,0,0,0,0,0,0,0,0,0,0,0,0,0,0,0,0,0,0,0,0,0,0,0,0,0,0,0,0,0,0,0,0,0,0,0,0,0,0,0,0,0,0,0,0,0,0,0,0,0,0,0,0,0,0,0,0,0,0,0,0,0,0,0,0,0,0,0,0,0,0,0,0,0,0,0,0,0,0,0,0,0,0,0,0,0,0,0,0,0,0,0,0,0,0,0,0,0,0,0,0,0,0,0,0,0,0,0,0,0,0,0,0,0,0,0,0,0,0,0,0,0,0,0,0,0,0,0,0,0,0,0,0,0,0,0,0,0,0,0,0,0,0,0,0,0,0,0,0,0,0,0,0,0,0,0,0,0,0,0,0,0,0,0,0,0,8,16,24,32,40,48,56,64,72,80,88,96,104,112,120,128,136,144,152,160,168,176,184,192,200,208,216,224,232,240,248,256,264,272,280,288,296,304,312,320,328,336,344,352,360,368,376,384,392,400,408,416,424,432,440,448,456,464,472,480,488,496,504,512,520,528,536,544,552,560,568,576,584,592,600,608,616,624,632,640,648,656,664,672,680,688,696,704,712,720,728,736,744,752,760,768,776,784,792,800,808,816,824,832,840,848,856,864,872,880,888,896,904,912,920,928,936,944,952,960,968,976,984,992,1000,1008,1016,1024,1032,1040,1048,1056,1064,1072,1080,1088,1096,1104,1112,1120,1128,1136,1144,1152,1160,1168,1176,1184,1192,1200,1208,1216,1224,1232,1240,1248,1256,1264,1272,1280,1288,1296,1304},{0,0,0,0,0,0,0,0,0,0,0,0,0,0,0,0,0,0,0,0,0,0,0,0,0,0,0,0,0,0,0,0,0,0,0,0,0,0,0,0,0,0,0,0,0,0,0,0,0,0,0,0,0,0,0,0,0,0,0,0,0,0,0,0,0,0,0,0,0,0,0,0,0,0,0,0,0,0,0,0,0,0,0,0,0,0,0,0,0,0,0,0,0,0,0,0,0,0,0,0,0,0,0,0,0,0,0,0,0,0,0,0,0,0,0,0,0,0,0,0,0,0,0,0,0,0,0,0,0,0,0,0,0,0,0,0,0,0,0,0,0,0,0,0,0,0,0,0,0,0,0,0,0,0,0,0,0,0,0,0,0,0,0,0,0,0,0,0,0,0,0,0,0,0,0,0,0,0,0,0,0,0,0,0,0,0,0,0,0,0,0,0,0,0,0,0,0,0,0,0,0,0,0,0,0,0,0,0,0,0,0,0,0,0,0,0,0,0,0,0,0,0,0,0,0,0,0,0,0,0,0,0,0,0,0,0,0,0,0,0,0,0,0,0,0,0,0,0,0,0,0,0,0,0,0,0,0,0,0,0,0,0,0,0,0,0,0,0,0,0,0,0,0,0,0,0,0,0,0,0,0,0,0,0,0,0,0,0,4,8,12,16,20,24,28,32,36,40,44,48,52,56,60,64,68,72,76,80,84,88,92,96,100,104,108,112,116,120,124,128,132,136,140,144,148,152,156,160,164,168,172,176,180,184,188,192,196,200,204,208,212,216,220,224,228,232,236,240,244,248,252,256,260,264,268,272,276,280,284,288,292,296,300,304,308,312,316,320,324,328,332,336,340,344,348,352,356,360,364,368,372,376,380,384,388,392,396,400,404,408,412,416,420,424,428,432,436,440,444,448,452,456,460,464,468,472,476,480,484,488,492,496,500,504,508,512,516,520,524,528,532,536,540,544,548,552,556,560,564,568,572,576},{0,0,0,0,0,0,0,0,0,0,0,0,0,0,0,0,0,0,0,0,0,0,0,0,0,0,0,0,0,0,0,0,0,0,0,0,0,0,0,0,0,0,0,0,0,0,0,0,0,0,0,0,0,0,0,0,0,0,0,0,0,0,0,0,0,0,0,0,0,0,0,0,0,0,0,0,0,0,0,0,0,0,0,0,0,0,0,0,0,0,0,0,0,0,0,0,0,0,0,0,0,0,0,0,0,0,0,0,0,0,0,0,0,0,0,0,0,0,0,0,0,0,0,0,0,0,0,0,0,0,0,0,0,0,0,0,0,0,0,0,0,0,0,0,0,0,0,0,0,0,0,0,0,0,0,0,0,0,0,0,0,0,0,0,0,0,0,0,0,0,0,0,0,0,0,0,0,0,0,0,0,0,0,0,0,0,0,0,0,0,0,0,0,0,0,0,0,0,0,0,0,0,0,0,0,0,0,0,0,0,0,0,0,0,0,0,0,0,0,0,0,0,0,0,0,0,0,0,0,0,0,0,0,0,0,0,0,0,0,0,0,0,0,0,0,0,0,0,0,0,0,0,0,0,0,0,0,0,0,0,0,0,0,0,0,0,0,0,0,0,0,0,0,0,0,0,0,0,0,0,0,0,0,0,0,0,0,0,0,0,0,0,0,0,4,8,12,16,20,24,28,32,36,40,44,48,52,56,60,64,68,72,76,80,84,88,92,96,100,104,108,112,116,120,124,128,132,136,140,144,148,152,156,160,164,168,172,176,180,184,188,192,196,200,204,208,212,216,220,224,228,232,236,240,244,248,252,256,260,264,268,272,276,280,284,288,292,296,300,304,308,312,316,320,324,328,332,336,340,344,348,352,356,360,364,368,372,376,380,384,388,392,396,400,404,408,412,416,420,424,428,432,436,440,444,448,452,456,460,464,468,472,476,480,484,488,492,496,500,504,508,512,516,520,524,528,532,536,540,544,548,552},{0,0,0,0,0,0,0,0,0,0,0,0,0,0,0,0,0,0,0,0,0,0,0,0,0,0,0,0,0,0,0,0,0,0,0,0,0,0,0,0,0,0,0,0,0,0,0,0,0,0,0,0,0,0,0,0,0,0,0,0,0,0,0,0,0,0,0,0,0,0,0,0,0,0,0,0,0,0,0,0,0,0,0,0,0,0,0,0,0,0,0,0,0,0,0,0,0,0,0,0,0,0,0,0,0,0,0,0,0,0,0,0,0,0,0,0,0,0,0,0,0,0,0,0,0,0,0,0,0,0,0,0,0,0,0,0,0,0,0,0,0,0,0,0,0,0,0,0,0,0,0,0,0,0,0,0,0,0,0,0,0,0,0,0,0,0,0,0,0,0,0,0,0,0,0,0,0,0,0,0,0,0,0,0,0,0,0,0,0,0,0,0,0,0,0,0,0,0,0,0,0,0,0,0,0,0,0,0,0,0,0,0,0,0,0,0,0,0,0,0,0,0,0,0,0,0,0,0,0,0,0,0,0,0,0,0,0,0,0,0,0,0,0,0,0,0,0,0,0,0,0,0,0,0,0,0,0,0,0,0,0,0,0,0,0,0,0,0,0,0,0,0,0,0,0,0,0,0,0,0,0,0,0,0,0,0,0,0,0,0,0,0,0,0,0,0,0,0,0,0,0,0,0,0,0,0,0,0,0,0,0,0,0,0,0,0,0,0,0,0,0,8,16,24,32,40,48,56,64,72,80,88,96,104,112,120,128,136,144,152,160,168,176,184,192,200,208,216,224,232,240,248,256,264,272,280,288,296,304,312,320,328,336,344,352,360,368,376,384,392,400,408,416,424,432,440,448,456,464,472,480,488,496,504,512,520,528,536,544,552,560,568,576,584,592,600,608,616,624,632,640,648,656,664,672,680,688,696,704,712,720,728,736,744,752,760,768,776,784,792,800,808,816,824,832,840,848,856,864,872,880,888},{0,0,0,0,0,0,0,0,0,0,0,0,0,0,0,0,0,0,0,0,0,0,0,0,0,0,0,0,0,0,0,0,0,0,0,0,0,0,0,0,0,0,0,0,0,0,0,0,0,0,0,0,0,0,0,0,0,0,0,0,0,0,0,0,0,0,0,0,0,0,0,0,0,0,0,0,0,0,0,0,0,0,0,0,0,0,0,0,0,0,0,0,0,0,0,0,0,0,0,0,0,0,0,0,0,0,0,0,0,0,0,0,0,0,0,0,0,0,0,0,0,0,0,0,0,0,0,0,0,0,0,0,0,0,0,0,0,0,0,0,0,0,0,0,0,0,0,0,0,0,0,0,0,0,0,0,0,0,0,0,0,0,0,0,0,0,0,0,0,0,0,0,0,0,0,0,0,0,0,0,0,0,0,0,0,0,0,0,0,0,0,0,0,0,0,0,0,0,0,0,0,0,0,0,0,0,0,0,0,0,0,0,0,0,0,0,0,0,0,0,0,0,0,0,0,0,0,0,0,0,0,0,0,0,0,0,0,0,0,0,0,0,0,0,0,0,0,0,0,0,0,0,0,0,0,0,0,0,0,0,0,0,0,0,0,0,0,0,0,0,0,0,0,0,0,0,0,0,0,0,0,0,0,0,0,0,0,0,0,0,0,0,0,0,0,0,0,0,0,0,0,4,8,12,16,20,24,28,32,36,40,44,48,52,56,60,64,68,72,76,80,84,88,92,96,100,104,108,112,116,120,124,128,132,136,140,144,148,152,156,160,164,168,172,176,180,184,188,192,196,200,204,208,212,216,220,224,228,232,236,240,244,248,252,256,260,264,268,272,276,280,284,288,292,296,300,304,308,312,316,320,324,328,332,336,340,344,348,352,356,360,364,368,372,376,380,384,388,392,396,400,404,408,412,416,420,424,428,432,436,440,444,448,452,456,460,464,468,472,476,480,484,488,492,496,500,504,508,512,516,520,524},{0,0,0,0,0,0,0,0,0,0,0,0,0,0,0,0,0,0,0,0,0,0,0,0,0,0,0,0,0,0,0,0,0,0,0,0,0,0,0,0,0,0,0,0,0,0,0,0,0,0,0,0,0,0,0,0,0,0,0,0,0,0,0,0,0,0,0,0,0,0,0,0,0,0,0,0,0,0,0,0,0,0,0,0,0,0,0,0,0,0,0,0,0,0,0,0,0,0,0,0,0,0,0,0,0,0,0,0,0,0,0,0,0,0,0,0,0,0,0,0,0,0,0,0,0,0,0,0,0,0,0,0,0,0,0,0,0,0,0,0,0,0,0,0,0,0,0,0,0,0,0,0,0,0,0,0,0,0,0,0,0,0,0,0,0,0,0,0,0,0,0,0,0,0,0,0,0,0,0,0,0,0,0,0,0,0,0,0,0,0,0,0,0,0,0,0,0,0,0,0,0,0,0,0,0,0,0,0,0,0,0,0,0,0,0,0,0,0,0,0,0,0,0,0,0,0,0,0,0,0,0,0,0,0,0,0,0,0,0,0,0,0,0,0,0,0,0,0,0,0,0,0,0,0,0,0,0,0,0,0,0,0,0,0,0,0,0,0,0,0,0,0,0,0,0,0,0,0,0,0,0,0,0,0,0,0,0,0,0,0,0,0,0,0,0,0,0,0,0,0,0,0,0,0,0,0,0,0,0,0,0,0,0,0,0,0,0,0,0,0,0,0,0,6,12,18,24,30,36,42,48,54,60,66,72,78,84,90,96,102,108,114,120,126,132,138,144,150,156,162,168,174,180,186,192,198,204,210,216,222,228,234,240,246,252,258,264,270,276,282,288,294,300,306,312,318,324,330,336,342,348,354,360,366,372,378,384,390,396,402,408,414,420,426,432,438,444,450,456,462,468,474,480,486,492,498,504,510,516,522,528,534,540,546,552,558,564,570,576,582,588,594,600,606,612,618,624,630,636,642,648,654},{0,0,0,0,0,0,0,0,0,0,0,0,0,0,0,0,0,0,0,0,0,0,0,0,0,0,0,0,0,0,0,0,0,0,0,0,0,0,0,0,0,0,0,0,0,0,0,0,0,0,0,0,0,0,0,0,0,0,0,0,0,0,0,0,0,0,0,0,0,0,0,0,0,0,0,0,0,0,0,0,0,0,0,0,0,0,0,0,0,0,0,0,0,0,0,0,0,0,0,0,0,0,0,0,0,0,0,0,0,0,0,0,0,0,0,0,0,0,0,0,0,0,0,0,0,0,0,0,0,0,0,0,0,0,0,0,0,0,0,0,0,0,0,0,0,0,0,0,0,0,0,0,0,0,0,0,0,0,0,0,0,0,0,0,0,0,0,0,0,0,0,0,0,0,0,0,0,0,0,0,0,0,0,0,0,0,0,0,0,0,0,0,0,0,0,0,0,0,0,0,0,0,0,0,0,0,0,0,0,0,0,0,0,0,0,0,0,0,0,0,0,0,0,0,0,0,0,0,0,0,0,0,0,0,0,0,0,0,0,0,0,0,0,0,0,0,0,0,0,0,0,0,0,0,0,0,0,0,0,0,0,0,0,0,0,0,0,0,0,0,0,0,0,0,0,0,0,0,0,0,0,0,0,0,0,0,0,0,0,0,0,0,0,0,0,0,0,0,0,0,0,0,0,0,0,0,0,0,0,0,0,0,0,0,0,0,0,0,0,0,0,0,0,0,0,0,0,0,0,0,0,0,0,0,0,0,0,0,0,6,12,18,24,30,36,42,48,54,60,66,72,78,84,90,96,102,108,114,120,126,132,138,144,150,156,162,168,174,180,186,192,198,204,210,216,222,228,234,240,246,252,258,264,270,276,282,288,294,300,306,312,318,324,330,336,342,348,354,360,366,372,378,384,390,396,402,408,414,420,426,432,438,444,450,456,462,468,474,480,486,492,498,504,510,516,522,528,534,540,546,552,558}};
int C3[K][B]={{448,452,548,486,486,510,502,569,535,419},{390,514,373,452,352,348,497,445,435,414},{359,365,356,321,391,425,419,425,337,387},{378,351,389,324,292,327,354,375,394,378},{336,298,298,278,278,305,302,346,250,326},{549,431,541,439,590,435,422,496,471,455},{480,427,375,441,438,399,417,497,402,466},{372,479,492,372,358,452,379,436,385,459},{384,384,451,394,477,387,323,362,403,342},{297,373,305,311,332,394,389,386,300,351},{504,359,469,407,376,417,473,504,359,497},{490,559,403,521,429,536,418,414,547,532},{378,317,442,339,369,314,427,445,360,390},{458,407,517,533,537,494,557,470,478,395},{455,393,406,363,492,383,472,373,482,383},{439,409,375,399,422,442,462,449,472,412},{423,593,602,548,527,560,519,519,531,477},{363,352,313,270,326,339,379,276,384,337},{385,499,338,452,446,335,375,345,375,342},{536,471,422,460,540,532,528,403,517,456}};
int C4[S]={48,48,48,48,48,48,48,48,48};
int ODS[2][1]={{},{}};
int Hset[2][HWPN]={{0,0,0,0,0,0,0,0,0,0,0,0,0,0,0,0,0,0,0,1,1,1,1,1,1,1,1,1,1,1,1,1,1,1,1,1,1,1,2,2,2,2,2,2,2,2,2,2,2,2,2,2,2,2,2,2,2,3,3,3,3,3,3,3,3,3,3,3,3,3,3,3,3,3,3,3,4,4,4,4,4,4,4,4,4,4,4,4,4,4,4,4,4,4,4,5,5,5,5,5,5,5,5,5,5,5,5,5,5,5,5,5,5,5,6,6,6,6,6,6,6,6,6,6,6,6,6,6,6,6,6,6,6,7,7,7,7,7,7,7,7,7,7,7,7,7,7,7,7,7,7,7,8,8,8,8,8,8,8,8,8,8,8,8,8,8,8,8,8,8,8,9,9,9,9,9,9,9,9,9,9,9,9,9,9,9,9,9,9,9,10,10,10,10,10,10,10,10,10,10,10,10,10,10,10,10,10,10,10,11,11,11,11,11,11,11,11,11,11,11,11,11,11,11,11,11,11,11,12,12,12,12,12,12,12,12,12,12,12,12,12,12,12,12,12,12,12,13,13,13,13,13,13,13,13,13,13,13,13,13,13,13,13,13,13,13,14,14,14,14,14,14,14,14,14,14,14,14,14,14,14,14,14,14,14,15,15,15,15,15,15,15,15,15,15,15,15,15,15,15,15,15,15,15,16,16,16,16,16,16,16,16,16,16,16,16,16,16,16,16,16,16,16,17,17,17,17,17,17,17,17,17,17,17,17,17,17,17,17,17,17,17,18,18,18,18,18,18,18,18,18,18,18,18,18,18,18,18,18,18,18,19,19,19,19,19,19,19,19,19,19,19,19,19,19,19,19,19,19,19,20,20,20,20,20,20,20,20,20,20,20,20,20,20,20,20,20,20,20,21,21,21,21,21,21,21,21,21,21,21,21,21,21,21,21,21,21,21,22,22,22,22,22,22,22,22,22,22,22,22,22,22,22,22,22,22,22,23,23,23,23,23,23,23,23,23,23,23,23,23,23,23,23,23,23,23,24,24,24,24,24,24,24,24,24,24,24,24,24,24,24,24,24,24,24,25,25,25,25,25,25,25,25,25,25,25,25,25,25,25,25,25,25,25,26,26,26,26,26,26,26,26,26,26,26,26,26,26,26,26,26,26,26,27,27,27,27,27,27,27,27,27,27,27,27,27,27,27,27,27,27,27,28,28,28,28,28,28,28,28,28,28,28,28,28,28,28,28,28,28,28,29,29,29,29,29,29,29,29,29,29,29,29,29,29,29,29,29,29,29,30,30,30,30,30,30,30,30,30,30,30,30,30,30,30,30,30,30,30,31,31,31,31,31,31,31,31,31,31,31,31,31,31,31,31,31,31,31,32,32,32,32,32,32,32,32,32,32,32,32,32,32,32,32,32,32,32,33,33,33,33,33,33,33,33,33,33,33,33,33,33,33,33,33,33,33,34,34,34,34,34,34,34,34,34,34,34,34,34,34,34,34,34,34,34,35,35,35,35,35,35,35,35,35,35,35,35,35,35,35,35,35,35,35,36,36,36,36,36,36,36,36,36,36,36,36,36,36,36,36,36,36,36,37,37,37,37,37,37,37,37,37,37,37,37,37,37,37,37,37,37,37,38,38,38,38,38,38,38,38,38,38,38,38,38,38,38,38,38,38,38,39,39,39,39,39,39,39,39,39,39,39,39,39,39,39,39,39,39,39},{1,2,3,4,5,6,7,8,9,10,11,12,13,14,15,16,17,18,19,0,2,3,4,5,6,7,8,9,10,11,12,13,14,15,16,17,18,19,0,1,3,4,5,6,7,8,9,10,11,12,13,14,15,16,17,18,19,0,1,2,4,5,6,7,8,9,10,11,12,13,14,15,16,17,18,19,0,1,2,3,5,6,7,8,9,10,11,12,13,14,15,16,17,18,19,0,1,2,3,4,6,7,8,9,10,11,12,13,14,15,16,17,18,19,0,1,2,3,4,5,7,8,9,10,11,12,13,14,15,16,17,18,19,0,1,2,3,4,5,6,8,9,10,11,12,13,14,15,16,17,18,19,0,1,2,3,4,5,6,7,9,10,11,12,13,14,15,16,17,18,19,0,1,2,3,4,5,6,7,8,10,11,12,13,14,15,16,17,18,19,0,1,2,3,4,5,6,7,8,9,11,12,13,14,15,16,17,18,19,0,1,2,3,4,5,6,7,8,9,10,12,13,14,15,16,17,18,19,0,1,2,3,4,5,6,7,8,9,10,11,13,14,15,16,17,18,19,0,1,2,3,4,5,6,7,8,9,10,11,12,14,15,16,17,18,19,0,1,2,3,4,5,6,7,8,9,10,11,12,13,15,16,17,18,19,0,1,2,3,4,5,6,7,8,9,10,11,12,13,14,16,17,18,19,0,1,2,3,4,5,6,7,8,9,10,11,12,13,14,15,17,18,19,0,1,2,3,4,5,6,7,8,9,10,11,12,13,14,15,16,18,19,0,1,2,3,4,5,6,7,8,9,10,11,12,13,14,15,16,17,19,0,1,2,3,4,5,6,7,8,9,10,11,12,13,14,15,16,17,18,21,22,23,24,25,26,27,28,29,30,31,32,33,34,35,36,37,38,39,20,22,23,24,25,26,27,28,29,30,31,32,33,34,35,36,37,38,39,20,21,23,24,25,26,27,28,29,30,31,32,33,34,35,36,37,38,39,20,21,22,24,25,26,27,28,29,30,31,32,33,34,35,36,37,38,39,20,21,22,23,25,26,27,28,29,30,31,32,33,34,35,36,37,38,39,20,21,22,23,24,26,27,28,29,30,31,32,33,34,35,36,37,38,39,20,21,22,23,24,25,27,28,29,30,31,32,33,34,35,36,37,38,39,20,21,22,23,24,25,26,28,29,30,31,32,33,34,35,36,37,38,39,20,21,22,23,24,25,26,27,29,30,31,32,33,34,35,36,37,38,39,20,21,22,23,24,25,26,27,28,30,31,32,33,34,35,36,37,38,39,20,21,22,23,24,25,26,27,28,29,31,32,33,34,35,36,37,38,39,20,21,22,23,24,25,26,27,28,29,30,32,33,34,35,36,37,38,39,20,21,22,23,24,25,26,27,28,29,30,31,33,34,35,36,37,38,39,20,21,22,23,24,25,26,27,28,29,30,31,32,34,35,36,37,38,39,20,21,22,23,24,25,26,27,28,29,30,31,32,33,35,36,37,38,39,20,21,22,23,24,25,26,27,28,29,30,31,32,33,34,36,37,38,39,20,21,22,23,24,25,26,27,28,29,30,31,32,33,34,35,37,38,39,20,21,22,23,24,25,26,27,28,29,30,31,32,33,34,35,36,38,39,20,21,22,23,24,25,26,27,28,29,30,31,32,33,34,35,36,37,39,20,21,22,23,24,25,26,27,28,29,30,31,32,33,34,35,36,37,38}};
