extern const int S = 9;
extern const int K =20;
extern const int T = 432;
extern const int B = 10;
extern const int I = 40;
extern const int NCPN = 6;
extern const int HWPN = 760;
int BRT[B]={0,26,22,0,14,41,23,56,0,0};
int Chaocu[B]={-1,33,-1,-1,-1,48,30,-1,-1,-1};
int HDT[B]={-1,27,23,-1,15,42,24,57,-1,-1};
int E[I][2]={{0,46},{0,38},{4,52},{34,82},{46,94},{59,107},{65,113},{90,138},{112,160},{136,184},{137,185},{174,222},{185,233},{189,237},{215,263},{217,265},{227,275},{246,294},{255,303},{267,315},{75,123},{75,123},{71,119},{105,153},{117,165},{159,207},{157,205},{161,209},{206,254},{207,255},{235,283},{239,287},{256,304},{257,305},{274,322},{284,332},{305,353},{301,349},{333,381},{335,383}};
int BRK[S][2]={{14,34},{62,82},{110,130},{158,178},{206,226},{254,274},{302,322},{350,370},{398,418}};
int VLL[K]={1,0,0,1,1,1,2,0,2,0,2,0,1,0,0,1,1,0,0,0};
int F[I][I]={{0,1,1,1,1,1,1,1,1,1,1,1,1,1,1,1,1,1,1,1,0,0,0,0,0,0,0,0,0,0,0,0,0,0,0,0,0,0,0,0},{1,0,1,1,1,1,1,1,1,1,1,1,1,1,1,1,1,1,1,1,0,0,0,0,0,0,0,0,0,0,0,0,0,0,0,0,0,0,0,0},{1,1,0,1,1,1,1,1,1,1,1,1,1,1,1,1,1,1,1,1,0,0,0,0,0,0,0,0,0,0,0,0,0,0,0,0,0,0,0,0},{1,1,1,0,1,1,1,1,1,1,1,1,1,1,1,1,1,1,1,1,0,0,0,0,0,0,0,0,0,0,0,0,0,0,0,0,0,0,0,0},{1,1,1,1,0,1,1,1,1,1,1,1,1,1,1,1,1,1,1,1,0,0,0,0,0,0,0,0,0,0,0,0,0,0,0,0,0,0,0,0},{1,1,1,1,1,0,1,1,1,1,1,1,1,1,1,1,1,1,1,1,0,0,0,0,0,0,0,0,0,0,0,0,0,0,0,0,0,0,0,0},{1,1,1,1,1,1,0,1,1,1,1,1,1,1,1,1,1,1,1,1,0,0,0,0,0,0,0,0,0,0,0,0,0,0,0,0,0,0,0,0},{1,1,1,1,1,1,1,0,1,1,1,1,1,1,1,1,1,1,1,1,0,0,0,0,0,0,0,0,0,0,0,0,0,0,0,0,0,0,0,0},{1,1,1,1,1,1,1,1,0,1,1,1,1,1,1,1,1,1,1,1,0,0,0,0,0,0,0,0,0,0,0,0,0,0,0,0,0,0,0,0},{1,1,1,1,1,1,1,1,1,0,1,1,1,1,1,1,1,1,1,1,0,0,0,0,0,0,0,0,0,0,0,0,0,0,0,0,0,0,0,0},{1,1,1,1,1,1,1,1,1,1,0,1,1,1,1,1,1,1,1,1,0,0,0,0,0,0,0,0,0,0,0,0,0,0,0,0,0,0,0,0},{1,1,1,1,1,1,1,1,1,1,1,0,1,1,1,1,1,1,1,1,0,0,0,0,0,0,0,0,0,0,0,0,0,0,0,0,0,0,0,0},{1,1,1,1,1,1,1,1,1,1,1,1,0,1,1,1,1,1,1,1,0,0,0,0,0,0,0,0,0,0,0,0,0,0,0,0,0,0,0,0},{1,1,1,1,1,1,1,1,1,1,1,1,1,0,1,1,1,1,1,1,0,0,0,0,0,0,0,0,0,0,0,0,0,0,0,0,0,0,0,0},{1,1,1,1,1,1,1,1,1,1,1,1,1,1,0,1,1,1,1,1,0,0,0,0,0,0,0,0,0,0,0,0,0,0,0,0,0,0,0,0},{1,1,1,1,1,1,1,1,1,1,1,1,1,1,1,0,1,1,1,1,0,0,0,0,0,0,0,0,0,0,0,0,0,0,0,0,0,0,0,0},{1,1,1,1,1,1,1,1,1,1,1,1,1,1,1,1,0,1,1,1,0,0,0,0,0,0,0,0,0,0,0,0,0,0,0,0,0,0,0,0},{1,1,1,1,1,1,1,1,1,1,1,1,1,1,1,1,1,0,1,1,0,0,0,0,0,0,0,0,0,0,0,0,0,0,0,0,0,0,0,0},{1,1,1,1,1,1,1,1,1,1,1,1,1,1,1,1,1,1,0,1,0,0,0,0,0,0,0,0,0,0,0,0,0,0,0,0,0,0,0,0},{1,1,1,1,1,1,1,1,1,1,1,1,1,1,1,1,1,1,1,0,0,0,0,0,0,0,0,0,0,0,0,0,0,0,0,0,0,0,0,0},{0,0,0,0,0,0,0,0,0,0,0,0,0,0,0,0,0,0,0,0,0,1,1,1,1,1,1,1,1,1,1,1,1,1,1,1,1,1,1,1},{0,0,0,0,0,0,0,0,0,0,0,0,0,0,0,0,0,0,0,0,1,0,1,1,1,1,1,1,1,1,1,1,1,1,1,1,1,1,1,1},{0,0,0,0,0,0,0,0,0,0,0,0,0,0,0,0,0,0,0,0,1,1,0,1,1,1,1,1,1,1,1,1,1,1,1,1,1,1,1,1},{0,0,0,0,0,0,0,0,0,0,0,0,0,0,0,0,0,0,0,0,1,1,1,0,1,1,1,1,1,1,1,1,1,1,1,1,1,1,1,1},{0,0,0,0,0,0,0,0,0,0,0,0,0,0,0,0,0,0,0,0,1,1,1,1,0,1,1,1,1,1,1,1,1,1,1,1,1,1,1,1},{0,0,0,0,0,0,0,0,0,0,0,0,0,0,0,0,0,0,0,0,1,1,1,1,1,0,1,1,1,1,1,1,1,1,1,1,1,1,1,1},{0,0,0,0,0,0,0,0,0,0,0,0,0,0,0,0,0,0,0,0,1,1,1,1,1,1,0,1,1,1,1,1,1,1,1,1,1,1,1,1},{0,0,0,0,0,0,0,0,0,0,0,0,0,0,0,0,0,0,0,0,1,1,1,1,1,1,1,0,1,1,1,1,1,1,1,1,1,1,1,1},{0,0,0,0,0,0,0,0,0,0,0,0,0,0,0,0,0,0,0,0,1,1,1,1,1,1,1,1,0,1,1,1,1,1,1,1,1,1,1,1},{0,0,0,0,0,0,0,0,0,0,0,0,0,0,0,0,0,0,0,0,1,1,1,1,1,1,1,1,1,0,1,1,1,1,1,1,1,1,1,1},{0,0,0,0,0,0,0,0,0,0,0,0,0,0,0,0,0,0,0,0,1,1,1,1,1,1,1,1,1,1,0,1,1,1,1,1,1,1,1,1},{0,0,0,0,0,0,0,0,0,0,0,0,0,0,0,0,0,0,0,0,1,1,1,1,1,1,1,1,1,1,1,0,1,1,1,1,1,1,1,1},{0,0,0,0,0,0,0,0,0,0,0,0,0,0,0,0,0,0,0,0,1,1,1,1,1,1,1,1,1,1,1,1,0,1,1,1,1,1,1,1},{0,0,0,0,0,0,0,0,0,0,0,0,0,0,0,0,0,0,0,0,1,1,1,1,1,1,1,1,1,1,1,1,1,0,1,1,1,1,1,1},{0,0,0,0,0,0,0,0,0,0,0,0,0,0,0,0,0,0,0,0,1,1,1,1,1,1,1,1,1,1,1,1,1,1,0,1,1,1,1,1},{0,0,0,0,0,0,0,0,0,0,0,0,0,0,0,0,0,0,0,0,1,1,1,1,1,1,1,1,1,1,1,1,1,1,1,0,1,1,1,1},{0,0,0,0,0,0,0,0,0,0,0,0,0,0,0,0,0,0,0,0,1,1,1,1,1,1,1,1,1,1,1,1,1,1,1,1,0,1,1,1},{0,0,0,0,0,0,0,0,0,0,0,0,0,0,0,0,0,0,0,0,1,1,1,1,1,1,1,1,1,1,1,1,1,1,1,1,1,0,1,1},{0,0,0,0,0,0,0,0,0,0,0,0,0,0,0,0,0,0,0,0,1,1,1,1,1,1,1,1,1,1,1,1,1,1,1,1,1,1,0,1},{0,0,0,0,0,0,0,0,0,0,0,0,0,0,0,0,0,0,0,0,1,1,1,1,1,1,1,1,1,1,1,1,1,1,1,1,1,1,1,0}};
int D[I+1]={7,7,7,7,7,7,7,7,7,7,7,7,7,7,7,7,7,7,7,7,7,7,7,7,7,7,7,7,7,7,7,7,7,7,7,7,7,7,7,7,6};
int H[K][B]={{68,68,68,68,68,68,68,68,68,68},{68,68,68,68,68,68,68,68,68,68},{60,60,60,60,60,60,60,60,60,60},{64,64,64,64,64,64,64,64,64,64},{64,64,64,64,64,64,64,64,64,64},{93,93,93,93,93,93,93,93,93,93},{85,85,85,85,85,85,85,85,85,85},{64,64,64,64,64,64,64,64,64,64},{87,87,87,87,87,87,87,87,87,87},{64,64,64,64,64,64,64,64,64,64},{91,91,91,91,91,91,91,91,91,91},{58,58,58,58,58,58,58,58,58,58},{64,64,64,64,64,64,64,64,64,64},{61,61,61,61,61,61,61,61,61,61},{52,52,52,52,52,52,52,52,52,52},{60,60,60,60,60,60,60,60,60,60},{71,71,71,71,71,71,71,71,71,71},{48,48,48,48,48,48,48,48,48,48},{71,71,71,71,71,71,71,71,71,71},{61,61,61,61,61,61,61,61,61,61}};
int Q[I+1][I+1]={{3,3,3,3,3,3,3,3,3,3,3,3,3,3,3,3,3,3,3,3,1,1,1,1,1,1,1,1,1,1,1,1,1,1,1,1,1,1,1,1,0},{3,3,3,3,3,3,3,3,3,3,3,3,3,3,3,3,3,3,3,3,1,1,1,1,1,1,1,1,1,1,1,1,1,1,1,1,1,1,1,1,0},{3,3,3,3,3,3,3,3,3,3,3,3,3,3,3,3,3,3,3,3,1,1,1,1,1,1,1,1,1,1,1,1,1,1,1,1,1,1,1,1,0},{3,3,3,3,3,3,3,3,3,3,3,3,3,3,3,3,3,3,3,3,1,1,1,1,1,1,1,1,1,1,1,1,1,1,1,1,1,1,1,1,0},{3,3,3,3,3,3,3,3,3,3,3,3,3,3,3,3,3,3,3,3,1,1,1,1,1,1,1,1,1,1,1,1,1,1,1,1,1,1,1,1,0},{3,3,3,3,3,3,3,3,3,3,3,3,3,3,3,3,3,3,3,3,1,1,1,1,1,1,1,1,1,1,1,1,1,1,1,1,1,1,1,1,0},{3,3,3,3,3,3,3,3,3,3,3,3,3,3,3,3,3,3,3,3,1,1,1,1,1,1,1,1,1,1,1,1,1,1,1,1,1,1,1,1,0},{3,3,3,3,3,3,3,3,3,3,3,3,3,3,3,3,3,3,3,3,1,1,1,1,1,1,1,1,1,1,1,1,1,1,1,1,1,1,1,1,0},{3,3,3,3,3,3,3,3,3,3,3,3,3,3,3,3,3,3,3,3,1,1,1,1,1,1,1,1,1,1,1,1,1,1,1,1,1,1,1,1,0},{3,3,3,3,3,3,3,3,3,3,3,3,3,3,3,3,3,3,3,3,1,1,1,1,1,1,1,1,1,1,1,1,1,1,1,1,1,1,1,1,0},{3,3,3,3,3,3,3,3,3,3,3,3,3,3,3,3,3,3,3,3,1,1,1,1,1,1,1,1,1,1,1,1,1,1,1,1,1,1,1,1,0},{3,3,3,3,3,3,3,3,3,3,3,3,3,3,3,3,3,3,3,3,1,1,1,1,1,1,1,1,1,1,1,1,1,1,1,1,1,1,1,1,0},{3,3,3,3,3,3,3,3,3,3,3,3,3,3,3,3,3,3,3,3,1,1,1,1,1,1,1,1,1,1,1,1,1,1,1,1,1,1,1,1,0},{3,3,3,3,3,3,3,3,3,3,3,3,3,3,3,3,3,3,3,3,1,1,1,1,1,1,1,1,1,1,1,1,1,1,1,1,1,1,1,1,0},{3,3,3,3,3,3,3,3,3,3,3,3,3,3,3,3,3,3,3,3,1,1,1,1,1,1,1,1,1,1,1,1,1,1,1,1,1,1,1,1,0},{3,3,3,3,3,3,3,3,3,3,3,3,3,3,3,3,3,3,3,3,1,1,1,1,1,1,1,1,1,1,1,1,1,1,1,1,1,1,1,1,0},{3,3,3,3,3,3,3,3,3,3,3,3,3,3,3,3,3,3,3,3,1,1,1,1,1,1,1,1,1,1,1,1,1,1,1,1,1,1,1,1,0},{3,3,3,3,3,3,3,3,3,3,3,3,3,3,3,3,3,3,3,3,1,1,1,1,1,1,1,1,1,1,1,1,1,1,1,1,1,1,1,1,0},{3,3,3,3,3,3,3,3,3,3,3,3,3,3,3,3,3,3,3,3,1,1,1,1,1,1,1,1,1,1,1,1,1,1,1,1,1,1,1,1,0},{3,3,3,3,3,3,3,3,3,3,3,3,3,3,3,3,3,3,3,3,1,1,1,1,1,1,1,1,1,1,1,1,1,1,1,1,1,1,1,1,0},{1,1,1,1,1,1,1,1,1,1,1,1,1,1,1,1,1,1,1,1,3,3,3,3,3,3,3,3,3,3,3,3,3,3,3,3,3,3,3,3,0},{1,1,1,1,1,1,1,1,1,1,1,1,1,1,1,1,1,1,1,1,3,3,3,3,3,3,3,3,3,3,3,3,3,3,3,3,3,3,3,3,0},{1,1,1,1,1,1,1,1,1,1,1,1,1,1,1,1,1,1,1,1,3,3,3,3,3,3,3,3,3,3,3,3,3,3,3,3,3,3,3,3,0},{1,1,1,1,1,1,1,1,1,1,1,1,1,1,1,1,1,1,1,1,3,3,3,3,3,3,3,3,3,3,3,3,3,3,3,3,3,3,3,3,0},{1,1,1,1,1,1,1,1,1,1,1,1,1,1,1,1,1,1,1,1,3,3,3,3,3,3,3,3,3,3,3,3,3,3,3,3,3,3,3,3,0},{1,1,1,1,1,1,1,1,1,1,1,1,1,1,1,1,1,1,1,1,3,3,3,3,3,3,3,3,3,3,3,3,3,3,3,3,3,3,3,3,0},{1,1,1,1,1,1,1,1,1,1,1,1,1,1,1,1,1,1,1,1,3,3,3,3,3,3,3,3,3,3,3,3,3,3,3,3,3,3,3,3,0},{1,1,1,1,1,1,1,1,1,1,1,1,1,1,1,1,1,1,1,1,3,3,3,3,3,3,3,3,3,3,3,3,3,3,3,3,3,3,3,3,0},{1,1,1,1,1,1,1,1,1,1,1,1,1,1,1,1,1,1,1,1,3,3,3,3,3,3,3,3,3,3,3,3,3,3,3,3,3,3,3,3,0},{1,1,1,1,1,1,1,1,1,1,1,1,1,1,1,1,1,1,1,1,3,3,3,3,3,3,3,3,3,3,3,3,3,3,3,3,3,3,3,3,0},{1,1,1,1,1,1,1,1,1,1,1,1,1,1,1,1,1,1,1,1,3,3,3,3,3,3,3,3,3,3,3,3,3,3,3,3,3,3,3,3,0},{1,1,1,1,1,1,1,1,1,1,1,1,1,1,1,1,1,1,1,1,3,3,3,3,3,3,3,3,3,3,3,3,3,3,3,3,3,3,3,3,0},{1,1,1,1,1,1,1,1,1,1,1,1,1,1,1,1,1,1,1,1,3,3,3,3,3,3,3,3,3,3,3,3,3,3,3,3,3,3,3,3,0},{1,1,1,1,1,1,1,1,1,1,1,1,1,1,1,1,1,1,1,1,3,3,3,3,3,3,3,3,3,3,3,3,3,3,3,3,3,3,3,3,0},{1,1,1,1,1,1,1,1,1,1,1,1,1,1,1,1,1,1,1,1,3,3,3,3,3,3,3,3,3,3,3,3,3,3,3,3,3,3,3,3,0},{1,1,1,1,1,1,1,1,1,1,1,1,1,1,1,1,1,1,1,1,3,3,3,3,3,3,3,3,3,3,3,3,3,3,3,3,3,3,3,3,0},{1,1,1,1,1,1,1,1,1,1,1,1,1,1,1,1,1,1,1,1,3,3,3,3,3,3,3,3,3,3,3,3,3,3,3,3,3,3,3,3,0},{1,1,1,1,1,1,1,1,1,1,1,1,1,1,1,1,1,1,1,1,3,3,3,3,3,3,3,3,3,3,3,3,3,3,3,3,3,3,3,3,0},{1,1,1,1,1,1,1,1,1,1,1,1,1,1,1,1,1,1,1,1,3,3,3,3,3,3,3,3,3,3,3,3,3,3,3,3,3,3,3,3,0},{1,1,1,1,1,1,1,1,1,1,1,1,1,1,1,1,1,1,1,1,3,3,3,3,3,3,3,3,3,3,3,3,3,3,3,3,3,3,3,3,0},{0,0,0,0,0,0,0,0,0,0,0,0,0,0,0,0,0,0,0,0,0,0,0,0,0,0,0,0,0,0,0,0,0,0,0,0,0,0,0,0,0}};
int ST[S][2]={{0,47},{48,95},{96,143},{144,191},{192,239},{240,287},{288,335},{336,383},{384,431}};
int C1[K]={50000,50000,50000,50000,50000,50000,50000,50000,50000,50000,50000,50000,50000,50000,50000,50000,50000,50000,50000,50000};
int C2[I][T]={{0,3,6,9,12,15,18,21,24,27,30,33,36,39,42,45,48,51,54,57,60,63,66,69,72,75,78,81,84,87,90,93,96,99,102,105,108,111,114,117,120,123,126,129,132,135,138,141,144,147,150,153,156,159,162,165,168,171,174,177,180,183,186,189,192,195,198,201,204,207,210,213,216,219,222,225,228,231,234,237,240,243,246,249,252,255,258,261,264,267,270,273,276,279,282,285,288,291,294,297,300,303,306,309,312,315,318,321,324,327,330,333,336,339,342,345,348,351,354,357,360,363,366,369,372,375,378,381,384,387,390,393,396,399,402,405,408,411,414,417,420,423,426,429,432,435,438,441,444,447,450,453,456,459,462,465,468,471,474,477,480,483,486,489,492,495,498,501,504,507,510,513,516,519,522,525,528,531,534,537,540,543,546,549,552,555,558,561,564,567,570,573,576,579,582,585,588,591,594,597,600,603,606,609,612,615,618,621,624,627,630,633,636,639,642,645,648,651,654,657,660,663,666,669,672,675,678,681,684,687,690,693,696,699,702,705,708,711,714,717,720,723,726,729,732,735,738,741,744,747,750,753,756,759,762,765,768,771,774,777,780,783,786,789,792,795,798,801,804,807,810,813,816,819,822,825,828,831,834,837,840,843,846,849,852,855,858,861,864,867,870,873,876,879,882,885,888,891,894,897,900,903,906,909,912,915,918,921,924,927,930,933,936,939,942,945,948,951,954,957,960,963,966,969,972,975,978,981,984,987,990,993,996,999,1002,1005,1008,1011,1014,1017,1020,1023,1026,1029,1032,1035,1038,1041,1044,1047,1050,1053,1056,1059,1062,1065,1068,1071,1074,1077,1080,1083,1086,1089,1092,1095,1098,1101,1104,1107,1110,1113,1116,1119,1122,1125,1128,1131,1134,1137,1140,1143,1146,1149,1152,1155,1158,1161,1164,1167,1170,1173,1176,1179,1182,1185,1188,1191,1194,1197,1200,1203,1206,1209,1212,1215,1218,1221,1224,1227,1230,1233,1236,1239,1242,1245,1248,1251,1254,1257,1260,1263,1266,1269,1272,1275,1278,1281,1284,1287,1290,1293},{0,2,4,6,8,10,12,14,16,18,20,22,24,26,28,30,32,34,36,38,40,42,44,46,48,50,52,54,56,58,60,62,64,66,68,70,72,74,76,78,80,82,84,86,88,90,92,94,96,98,100,102,104,106,108,110,112,114,116,118,120,122,124,126,128,130,132,134,136,138,140,142,144,146,148,150,152,154,156,158,160,162,164,166,168,170,172,174,176,178,180,182,184,186,188,190,192,194,196,198,200,202,204,206,208,210,212,214,216,218,220,222,224,226,228,230,232,234,236,238,240,242,244,246,248,250,252,254,256,258,260,262,264,266,268,270,272,274,276,278,280,282,284,286,288,290,292,294,296,298,300,302,304,306,308,310,312,314,316,318,320,322,324,326,328,330,332,334,336,338,340,342,344,346,348,350,352,354,356,358,360,362,364,366,368,370,372,374,376,378,380,382,384,386,388,390,392,394,396,398,400,402,404,406,408,410,412,414,416,418,420,422,424,426,428,430,432,434,436,438,440,442,444,446,448,450,452,454,456,458,460,462,464,466,468,470,472,474,476,478,480,482,484,486,488,490,492,494,496,498,500,502,504,506,508,510,512,514,516,518,520,522,524,526,528,530,532,534,536,538,540,542,544,546,548,550,552,554,556,558,560,562,564,566,568,570,572,574,576,578,580,582,584,586,588,590,592,594,596,598,600,602,604,606,608,610,612,614,616,618,620,622,624,626,628,630,632,634,636,638,640,642,644,646,648,650,652,654,656,658,660,662,664,666,668,670,672,674,676,678,680,682,684,686,688,690,692,694,696,698,700,702,704,706,708,710,712,714,716,718,720,722,724,726,728,730,732,734,736,738,740,742,744,746,748,750,752,754,756,758,760,762,764,766,768,770,772,774,776,778,780,782,784,786,788,790,792,794,796,798,800,802,804,806,808,810,812,814,816,818,820,822,824,826,828,830,832,834,836,838,840,842,844,846,848,850,852,854,856,858,860,862},{0,0,0,0,0,2,4,6,8,10,12,14,16,18,20,22,24,26,28,30,32,34,36,38,40,42,44,46,48,50,52,54,56,58,60,62,64,66,68,70,72,74,76,78,80,82,84,86,88,90,92,94,96,98,100,102,104,106,108,110,112,114,116,118,120,122,124,126,128,130,132,134,136,138,140,142,144,146,148,150,152,154,156,158,160,162,164,166,168,170,172,174,176,178,180,182,184,186,188,190,192,194,196,198,200,202,204,206,208,210,212,214,216,218,220,222,224,226,228,230,232,234,236,238,240,242,244,246,248,250,252,254,256,258,260,262,264,266,268,270,272,274,276,278,280,282,284,286,288,290,292,294,296,298,300,302,304,306,308,310,312,314,316,318,320,322,324,326,328,330,332,334,336,338,340,342,344,346,348,350,352,354,356,358,360,362,364,366,368,370,372,374,376,378,380,382,384,386,388,390,392,394,396,398,400,402,404,406,408,410,412,414,416,418,420,422,424,426,428,430,432,434,436,438,440,442,444,446,448,450,452,454,456,458,460,462,464,466,468,470,472,474,476,478,480,482,484,486,488,490,492,494,496,498,500,502,504,506,508,510,512,514,516,518,520,522,524,526,528,530,532,534,536,538,540,542,544,546,548,550,552,554,556,558,560,562,564,566,568,570,572,574,576,578,580,582,584,586,588,590,592,594,596,598,600,602,604,606,608,610,612,614,616,618,620,622,624,626,628,630,632,634,636,638,640,642,644,646,648,650,652,654,656,658,660,662,664,666,668,670,672,674,676,678,680,682,684,686,688,690,692,694,696,698,700,702,704,706,708,710,712,714,716,718,720,722,724,726,728,730,732,734,736,738,740,742,744,746,748,750,752,754,756,758,760,762,764,766,768,770,772,774,776,778,780,782,784,786,788,790,792,794,796,798,800,802,804,806,808,810,812,814,816,818,820,822,824,826,828,830,832,834,836,838,840,842,844,846,848,850,852,854},{0,0,0,0,0,0,0,0,0,0,0,0,0,0,0,0,0,0,0,0,0,0,0,0,0,0,0,0,0,0,0,0,0,0,0,3,6,9,12,15,18,21,24,27,30,33,36,39,42,45,48,51,54,57,60,63,66,69,72,75,78,81,84,87,90,93,96,99,102,105,108,111,114,117,120,123,126,129,132,135,138,141,144,147,150,153,156,159,162,165,168,171,174,177,180,183,186,189,192,195,198,201,204,207,210,213,216,219,222,225,228,231,234,237,240,243,246,249,252,255,258,261,264,267,270,273,276,279,282,285,288,291,294,297,300,303,306,309,312,315,318,321,324,327,330,333,336,339,342,345,348,351,354,357,360,363,366,369,372,375,378,381,384,387,390,393,396,399,402,405,408,411,414,417,420,423,426,429,432,435,438,441,444,447,450,453,456,459,462,465,468,471,474,477,480,483,486,489,492,495,498,501,504,507,510,513,516,519,522,525,528,531,534,537,540,543,546,549,552,555,558,561,564,567,570,573,576,579,582,585,588,591,594,597,600,603,606,609,612,615,618,621,624,627,630,633,636,639,642,645,648,651,654,657,660,663,666,669,672,675,678,681,684,687,690,693,696,699,702,705,708,711,714,717,720,723,726,729,732,735,738,741,744,747,750,753,756,759,762,765,768,771,774,777,780,783,786,789,792,795,798,801,804,807,810,813,816,819,822,825,828,831,834,837,840,843,846,849,852,855,858,861,864,867,870,873,876,879,882,885,888,891,894,897,900,903,906,909,912,915,918,921,924,927,930,933,936,939,942,945,948,951,954,957,960,963,966,969,972,975,978,981,984,987,990,993,996,999,1002,1005,1008,1011,1014,1017,1020,1023,1026,1029,1032,1035,1038,1041,1044,1047,1050,1053,1056,1059,1062,1065,1068,1071,1074,1077,1080,1083,1086,1089,1092,1095,1098,1101,1104,1107,1110,1113,1116,1119,1122,1125,1128,1131,1134,1137,1140,1143,1146,1149,1152,1155,1158,1161,1164,1167,1170,1173,1176,1179,1182,1185,1188,1191},{0,0,0,0,0,0,0,0,0,0,0,0,0,0,0,0,0,0,0,0,0,0,0,0,0,0,0,0,0,0,0,0,0,0,0,0,0,0,0,0,0,0,0,0,0,0,0,3,6,9,12,15,18,21,24,27,30,33,36,39,42,45,48,51,54,57,60,63,66,69,72,75,78,81,84,87,90,93,96,99,102,105,108,111,114,117,120,123,126,129,132,135,138,141,144,147,150,153,156,159,162,165,168,171,174,177,180,183,186,189,192,195,198,201,204,207,210,213,216,219,222,225,228,231,234,237,240,243,246,249,252,255,258,261,264,267,270,273,276,279,282,285,288,291,294,297,300,303,306,309,312,315,318,321,324,327,330,333,336,339,342,345,348,351,354,357,360,363,366,369,372,375,378,381,384,387,390,393,396,399,402,405,408,411,414,417,420,423,426,429,432,435,438,441,444,447,450,453,456,459,462,465,468,471,474,477,480,483,486,489,492,495,498,501,504,507,510,513,516,519,522,525,528,531,534,537,540,543,546,549,552,555,558,561,564,567,570,573,576,579,582,585,588,591,594,597,600,603,606,609,612,615,618,621,624,627,630,633,636,639,642,645,648,651,654,657,660,663,666,669,672,675,678,681,684,687,690,693,696,699,702,705,708,711,714,717,720,723,726,729,732,735,738,741,744,747,750,753,756,759,762,765,768,771,774,777,780,783,786,789,792,795,798,801,804,807,810,813,816,819,822,825,828,831,834,837,840,843,846,849,852,855,858,861,864,867,870,873,876,879,882,885,888,891,894,897,900,903,906,909,912,915,918,921,924,927,930,933,936,939,942,945,948,951,954,957,960,963,966,969,972,975,978,981,984,987,990,993,996,999,1002,1005,1008,1011,1014,1017,1020,1023,1026,1029,1032,1035,1038,1041,1044,1047,1050,1053,1056,1059,1062,1065,1068,1071,1074,1077,1080,1083,1086,1089,1092,1095,1098,1101,1104,1107,1110,1113,1116,1119,1122,1125,1128,1131,1134,1137,1140,1143,1146,1149,1152,1155},{0,0,0,0,0,0,0,0,0,0,0,0,0,0,0,0,0,0,0,0,0,0,0,0,0,0,0,0,0,0,0,0,0,0,0,0,0,0,0,0,0,0,0,0,0,0,0,0,0,0,0,0,0,0,0,0,0,0,0,0,4,8,12,16,20,24,28,32,36,40,44,48,52,56,60,64,68,72,76,80,84,88,92,96,100,104,108,112,116,120,124,128,132,136,140,144,148,152,156,160,164,168,172,176,180,184,188,192,196,200,204,208,212,216,220,224,228,232,236,240,244,248,252,256,260,264,268,272,276,280,284,288,292,296,300,304,308,312,316,320,324,328,332,336,340,344,348,352,356,360,364,368,372,376,380,384,388,392,396,400,404,408,412,416,420,424,428,432,436,440,444,448,452,456,460,464,468,472,476,480,484,488,492,496,500,504,508,512,516,520,524,528,532,536,540,544,548,552,556,560,564,568,572,576,580,584,588,592,596,600,604,608,612,616,620,624,628,632,636,640,644,648,652,656,660,664,668,672,676,680,684,688,692,696,700,704,708,712,716,720,724,728,732,736,740,744,748,752,756,760,764,768,772,776,780,784,788,792,796,800,804,808,812,816,820,824,828,832,836,840,844,848,852,856,860,864,868,872,876,880,884,888,892,896,900,904,908,912,916,920,924,928,932,936,940,944,948,952,956,960,964,968,972,976,980,984,988,992,996,1000,1004,1008,1012,1016,1020,1024,1028,1032,1036,1040,1044,1048,1052,1056,1060,1064,1068,1072,1076,1080,1084,1088,1092,1096,1100,1104,1108,1112,1116,1120,1124,1128,1132,1136,1140,1144,1148,1152,1156,1160,1164,1168,1172,1176,1180,1184,1188,1192,1196,1200,1204,1208,1212,1216,1220,1224,1228,1232,1236,1240,1244,1248,1252,1256,1260,1264,1268,1272,1276,1280,1284,1288,1292,1296,1300,1304,1308,1312,1316,1320,1324,1328,1332,1336,1340,1344,1348,1352,1356,1360,1364,1368,1372,1376,1380,1384,1388,1392,1396,1400,1404,1408,1412,1416,1420,1424,1428,1432,1436,1440,1444,1448,1452,1456,1460,1464,1468,1472,1476,1480,1484,1488},{0,0,0,0,0,0,0,0,0,0,0,0,0,0,0,0,0,0,0,0,0,0,0,0,0,0,0,0,0,0,0,0,0,0,0,0,0,0,0,0,0,0,0,0,0,0,0,0,0,0,0,0,0,0,0,0,0,0,0,0,0,0,0,0,0,0,6,12,18,24,30,36,42,48,54,60,66,72,78,84,90,96,102,108,114,120,126,132,138,144,150,156,162,168,174,180,186,192,198,204,210,216,222,228,234,240,246,252,258,264,270,276,282,288,294,300,306,312,318,324,330,336,342,348,354,360,366,372,378,384,390,396,402,408,414,420,426,432,438,444,450,456,462,468,474,480,486,492,498,504,510,516,522,528,534,540,546,552,558,564,570,576,582,588,594,600,606,612,618,624,630,636,642,648,654,660,666,672,678,684,690,696,702,708,714,720,726,732,738,744,750,756,762,768,774,780,786,792,798,804,810,816,822,828,834,840,846,852,858,864,870,876,882,888,894,900,906,912,918,924,930,936,942,948,954,960,966,972,978,984,990,996,1002,1008,1014,1020,1026,1032,1038,1044,1050,1056,1062,1068,1074,1080,1086,1092,1098,1104,1110,1116,1122,1128,1134,1140,1146,1152,1158,1164,1170,1176,1182,1188,1194,1200,1206,1212,1218,1224,1230,1236,1242,1248,1254,1260,1266,1272,1278,1284,1290,1296,1302,1308,1314,1320,1326,1332,1338,1344,1350,1356,1362,1368,1374,1380,1386,1392,1398,1404,1410,1416,1422,1428,1434,1440,1446,1452,1458,1464,1470,1476,1482,1488,1494,1500,1506,1512,1518,1524,1530,1536,1542,1548,1554,1560,1566,1572,1578,1584,1590,1596,1602,1608,1614,1620,1626,1632,1638,1644,1650,1656,1662,1668,1674,1680,1686,1692,1698,1704,1710,1716,1722,1728,1734,1740,1746,1752,1758,1764,1770,1776,1782,1788,1794,1800,1806,1812,1818,1824,1830,1836,1842,1848,1854,1860,1866,1872,1878,1884,1890,1896,1902,1908,1914,1920,1926,1932,1938,1944,1950,1956,1962,1968,1974,1980,1986,1992,1998,2004,2010,2016,2022,2028,2034,2040,2046,2052,2058,2064,2070,2076,2082,2088,2094,2100,2106,2112,2118,2124,2130,2136,2142,2148,2154,2160,2166,2172,2178,2184,2190,2196},{0,0,0,0,0,0,0,0,0,0,0,0,0,0,0,0,0,0,0,0,0,0,0,0,0,0,0,0,0,0,0,0,0,0,0,0,0,0,0,0,0,0,0,0,0,0,0,0,0,0,0,0,0,0,0,0,0,0,0,0,0,0,0,0,0,0,0,0,0,0,0,0,0,0,0,0,0,0,0,0,0,0,0,0,0,0,0,0,0,0,0,2,4,6,8,10,12,14,16,18,20,22,24,26,28,30,32,34,36,38,40,42,44,46,48,50,52,54,56,58,60,62,64,66,68,70,72,74,76,78,80,82,84,86,88,90,92,94,96,98,100,102,104,106,108,110,112,114,116,118,120,122,124,126,128,130,132,134,136,138,140,142,144,146,148,150,152,154,156,158,160,162,164,166,168,170,172,174,176,178,180,182,184,186,188,190,192,194,196,198,200,202,204,206,208,210,212,214,216,218,220,222,224,226,228,230,232,234,236,238,240,242,244,246,248,250,252,254,256,258,260,262,264,266,268,270,272,274,276,278,280,282,284,286,288,290,292,294,296,298,300,302,304,306,308,310,312,314,316,318,320,322,324,326,328,330,332,334,336,338,340,342,344,346,348,350,352,354,356,358,360,362,364,366,368,370,372,374,376,378,380,382,384,386,388,390,392,394,396,398,400,402,404,406,408,410,412,414,416,418,420,422,424,426,428,430,432,434,436,438,440,442,444,446,448,450,452,454,456,458,460,462,464,466,468,470,472,474,476,478,480,482,484,486,488,490,492,494,496,498,500,502,504,506,508,510,512,514,516,518,520,522,524,526,528,530,532,534,536,538,540,542,544,546,548,550,552,554,556,558,560,562,564,566,568,570,572,574,576,578,580,582,584,586,588,590,592,594,596,598,600,602,604,606,608,610,612,614,616,618,620,622,624,626,628,630,632,634,636,638,640,642,644,646,648,650,652,654,656,658,660,662,664,666,668,670,672,674,676,678,680,682},{0,0,0,0,0,0,0,0,0,0,0,0,0,0,0,0,0,0,0,0,0,0,0,0,0,0,0,0,0,0,0,0,0,0,0,0,0,0,0,0,0,0,0,0,0,0,0,0,0,0,0,0,0,0,0,0,0,0,0,0,0,0,0,0,0,0,0,0,0,0,0,0,0,0,0,0,0,0,0,0,0,0,0,0,0,0,0,0,0,0,0,0,0,0,0,0,0,0,0,0,0,0,0,0,0,0,0,0,0,0,0,0,0,6,12,18,24,30,36,42,48,54,60,66,72,78,84,90,96,102,108,114,120,126,132,138,144,150,156,162,168,174,180,186,192,198,204,210,216,222,228,234,240,246,252,258,264,270,276,282,288,294,300,306,312,318,324,330,336,342,348,354,360,366,372,378,384,390,396,402,408,414,420,426,432,438,444,450,456,462,468,474,480,486,492,498,504,510,516,522,528,534,540,546,552,558,564,570,576,582,588,594,600,606,612,618,624,630,636,642,648,654,660,666,672,678,684,690,696,702,708,714,720,726,732,738,744,750,756,762,768,774,780,786,792,798,804,810,816,822,828,834,840,846,852,858,864,870,876,882,888,894,900,906,912,918,924,930,936,942,948,954,960,966,972,978,984,990,996,1002,1008,1014,1020,1026,1032,1038,1044,1050,1056,1062,1068,1074,1080,1086,1092,1098,1104,1110,1116,1122,1128,1134,1140,1146,1152,1158,1164,1170,1176,1182,1188,1194,1200,1206,1212,1218,1224,1230,1236,1242,1248,1254,1260,1266,1272,1278,1284,1290,1296,1302,1308,1314,1320,1326,1332,1338,1344,1350,1356,1362,1368,1374,1380,1386,1392,1398,1404,1410,1416,1422,1428,1434,1440,1446,1452,1458,1464,1470,1476,1482,1488,1494,1500,1506,1512,1518,1524,1530,1536,1542,1548,1554,1560,1566,1572,1578,1584,1590,1596,1602,1608,1614,1620,1626,1632,1638,1644,1650,1656,1662,1668,1674,1680,1686,1692,1698,1704,1710,1716,1722,1728,1734,1740,1746,1752,1758,1764,1770,1776,1782,1788,1794,1800,1806,1812,1818,1824,1830,1836,1842,1848,1854,1860,1866,1872,1878,1884,1890,1896,1902,1908,1914},{0,0,0,0,0,0,0,0,0,0,0,0,0,0,0,0,0,0,0,0,0,0,0,0,0,0,0,0,0,0,0,0,0,0,0,0,0,0,0,0,0,0,0,0,0,0,0,0,0,0,0,0,0,0,0,0,0,0,0,0,0,0,0,0,0,0,0,0,0,0,0,0,0,0,0,0,0,0,0,0,0,0,0,0,0,0,0,0,0,0,0,0,0,0,0,0,0,0,0,0,0,0,0,0,0,0,0,0,0,0,0,0,0,0,0,0,0,0,0,0,0,0,0,0,0,0,0,0,0,0,0,0,0,0,0,0,0,2,4,6,8,10,12,14,16,18,20,22,24,26,28,30,32,34,36,38,40,42,44,46,48,50,52,54,56,58,60,62,64,66,68,70,72,74,76,78,80,82,84,86,88,90,92,94,96,98,100,102,104,106,108,110,112,114,116,118,120,122,124,126,128,130,132,134,136,138,140,142,144,146,148,150,152,154,156,158,160,162,164,166,168,170,172,174,176,178,180,182,184,186,188,190,192,194,196,198,200,202,204,206,208,210,212,214,216,218,220,222,224,226,228,230,232,234,236,238,240,242,244,246,248,250,252,254,256,258,260,262,264,266,268,270,272,274,276,278,280,282,284,286,288,290,292,294,296,298,300,302,304,306,308,310,312,314,316,318,320,322,324,326,328,330,332,334,336,338,340,342,344,346,348,350,352,354,356,358,360,362,364,366,368,370,372,374,376,378,380,382,384,386,388,390,392,394,396,398,400,402,404,406,408,410,412,414,416,418,420,422,424,426,428,430,432,434,436,438,440,442,444,446,448,450,452,454,456,458,460,462,464,466,468,470,472,474,476,478,480,482,484,486,488,490,492,494,496,498,500,502,504,506,508,510,512,514,516,518,520,522,524,526,528,530,532,534,536,538,540,542,544,546,548,550,552,554,556,558,560,562,564,566,568,570,572,574,576,578,580,582,584,586,588,590},{0,0,0,0,0,0,0,0,0,0,0,0,0,0,0,0,0,0,0,0,0,0,0,0,0,0,0,0,0,0,0,0,0,0,0,0,0,0,0,0,0,0,0,0,0,0,0,0,0,0,0,0,0,0,0,0,0,0,0,0,0,0,0,0,0,0,0,0,0,0,0,0,0,0,0,0,0,0,0,0,0,0,0,0,0,0,0,0,0,0,0,0,0,0,0,0,0,0,0,0,0,0,0,0,0,0,0,0,0,0,0,0,0,0,0,0,0,0,0,0,0,0,0,0,0,0,0,0,0,0,0,0,0,0,0,0,0,0,5,10,15,20,25,30,35,40,45,50,55,60,65,70,75,80,85,90,95,100,105,110,115,120,125,130,135,140,145,150,155,160,165,170,175,180,185,190,195,200,205,210,215,220,225,230,235,240,245,250,255,260,265,270,275,280,285,290,295,300,305,310,315,320,325,330,335,340,345,350,355,360,365,370,375,380,385,390,395,400,405,410,415,420,425,430,435,440,445,450,455,460,465,470,475,480,485,490,495,500,505,510,515,520,525,530,535,540,545,550,555,560,565,570,575,580,585,590,595,600,605,610,615,620,625,630,635,640,645,650,655,660,665,670,675,680,685,690,695,700,705,710,715,720,725,730,735,740,745,750,755,760,765,770,775,780,785,790,795,800,805,810,815,820,825,830,835,840,845,850,855,860,865,870,875,880,885,890,895,900,905,910,915,920,925,930,935,940,945,950,955,960,965,970,975,980,985,990,995,1000,1005,1010,1015,1020,1025,1030,1035,1040,1045,1050,1055,1060,1065,1070,1075,1080,1085,1090,1095,1100,1105,1110,1115,1120,1125,1130,1135,1140,1145,1150,1155,1160,1165,1170,1175,1180,1185,1190,1195,1200,1205,1210,1215,1220,1225,1230,1235,1240,1245,1250,1255,1260,1265,1270,1275,1280,1285,1290,1295,1300,1305,1310,1315,1320,1325,1330,1335,1340,1345,1350,1355,1360,1365,1370,1375,1380,1385,1390,1395,1400,1405,1410,1415,1420,1425,1430,1435,1440,1445,1450,1455,1460,1465,1470},{0,0,0,0,0,0,0,0,0,0,0,0,0,0,0,0,0,0,0,0,0,0,0,0,0,0,0,0,0,0,0,0,0,0,0,0,0,0,0,0,0,0,0,0,0,0,0,0,0,0,0,0,0,0,0,0,0,0,0,0,0,0,0,0,0,0,0,0,0,0,0,0,0,0,0,0,0,0,0,0,0,0,0,0,0,0,0,0,0,0,0,0,0,0,0,0,0,0,0,0,0,0,0,0,0,0,0,0,0,0,0,0,0,0,0,0,0,0,0,0,0,0,0,0,0,0,0,0,0,0,0,0,0,0,0,0,0,0,0,0,0,0,0,0,0,0,0,0,0,0,0,0,0,0,0,0,0,0,0,0,0,0,0,0,0,0,0,0,0,0,0,0,0,0,0,2,4,6,8,10,12,14,16,18,20,22,24,26,28,30,32,34,36,38,40,42,44,46,48,50,52,54,56,58,60,62,64,66,68,70,72,74,76,78,80,82,84,86,88,90,92,94,96,98,100,102,104,106,108,110,112,114,116,118,120,122,124,126,128,130,132,134,136,138,140,142,144,146,148,150,152,154,156,158,160,162,164,166,168,170,172,174,176,178,180,182,184,186,188,190,192,194,196,198,200,202,204,206,208,210,212,214,216,218,220,222,224,226,228,230,232,234,236,238,240,242,244,246,248,250,252,254,256,258,260,262,264,266,268,270,272,274,276,278,280,282,284,286,288,290,292,294,296,298,300,302,304,306,308,310,312,314,316,318,320,322,324,326,328,330,332,334,336,338,340,342,344,346,348,350,352,354,356,358,360,362,364,366,368,370,372,374,376,378,380,382,384,386,388,390,392,394,396,398,400,402,404,406,408,410,412,414,416,418,420,422,424,426,428,430,432,434,436,438,440,442,444,446,448,450,452,454,456,458,460,462,464,466,468,470,472,474,476,478,480,482,484,486,488,490,492,494,496,498,500,502,504,506,508,510,512,514},{0,0,0,0,0,0,0,0,0,0,0,0,0,0,0,0,0,0,0,0,0,0,0,0,0,0,0,0,0,0,0,0,0,0,0,0,0,0,0,0,0,0,0,0,0,0,0,0,0,0,0,0,0,0,0,0,0,0,0,0,0,0,0,0,0,0,0,0,0,0,0,0,0,0,0,0,0,0,0,0,0,0,0,0,0,0,0,0,0,0,0,0,0,0,0,0,0,0,0,0,0,0,0,0,0,0,0,0,0,0,0,0,0,0,0,0,0,0,0,0,0,0,0,0,0,0,0,0,0,0,0,0,0,0,0,0,0,0,0,0,0,0,0,0,0,0,0,0,0,0,0,0,0,0,0,0,0,0,0,0,0,0,0,0,0,0,0,0,0,0,0,0,0,0,0,0,0,0,0,0,0,0,0,0,0,0,3,6,9,12,15,18,21,24,27,30,33,36,39,42,45,48,51,54,57,60,63,66,69,72,75,78,81,84,87,90,93,96,99,102,105,108,111,114,117,120,123,126,129,132,135,138,141,144,147,150,153,156,159,162,165,168,171,174,177,180,183,186,189,192,195,198,201,204,207,210,213,216,219,222,225,228,231,234,237,240,243,246,249,252,255,258,261,264,267,270,273,276,279,282,285,288,291,294,297,300,303,306,309,312,315,318,321,324,327,330,333,336,339,342,345,348,351,354,357,360,363,366,369,372,375,378,381,384,387,390,393,396,399,402,405,408,411,414,417,420,423,426,429,432,435,438,441,444,447,450,453,456,459,462,465,468,471,474,477,480,483,486,489,492,495,498,501,504,507,510,513,516,519,522,525,528,531,534,537,540,543,546,549,552,555,558,561,564,567,570,573,576,579,582,585,588,591,594,597,600,603,606,609,612,615,618,621,624,627,630,633,636,639,642,645,648,651,654,657,660,663,666,669,672,675,678,681,684,687,690,693,696,699,702,705,708,711,714,717,720,723,726,729,732,735,738},{0,0,0,0,0,0,0,0,0,0,0,0,0,0,0,0,0,0,0,0,0,0,0,0,0,0,0,0,0,0,0,0,0,0,0,0,0,0,0,0,0,0,0,0,0,0,0,0,0,0,0,0,0,0,0,0,0,0,0,0,0,0,0,0,0,0,0,0,0,0,0,0,0,0,0,0,0,0,0,0,0,0,0,0,0,0,0,0,0,0,0,0,0,0,0,0,0,0,0,0,0,0,0,0,0,0,0,0,0,0,0,0,0,0,0,0,0,0,0,0,0,0,0,0,0,0,0,0,0,0,0,0,0,0,0,0,0,0,0,0,0,0,0,0,0,0,0,0,0,0,0,0,0,0,0,0,0,0,0,0,0,0,0,0,0,0,0,0,0,0,0,0,0,0,0,0,0,0,0,0,0,0,0,0,0,0,0,0,0,0,2,4,6,8,10,12,14,16,18,20,22,24,26,28,30,32,34,36,38,40,42,44,46,48,50,52,54,56,58,60,62,64,66,68,70,72,74,76,78,80,82,84,86,88,90,92,94,96,98,100,102,104,106,108,110,112,114,116,118,120,122,124,126,128,130,132,134,136,138,140,142,144,146,148,150,152,154,156,158,160,162,164,166,168,170,172,174,176,178,180,182,184,186,188,190,192,194,196,198,200,202,204,206,208,210,212,214,216,218,220,222,224,226,228,230,232,234,236,238,240,242,244,246,248,250,252,254,256,258,260,262,264,266,268,270,272,274,276,278,280,282,284,286,288,290,292,294,296,298,300,302,304,306,308,310,312,314,316,318,320,322,324,326,328,330,332,334,336,338,340,342,344,346,348,350,352,354,356,358,360,362,364,366,368,370,372,374,376,378,380,382,384,386,388,390,392,394,396,398,400,402,404,406,408,410,412,414,416,418,420,422,424,426,428,430,432,434,436,438,440,442,444,446,448,450,452,454,456,458,460,462,464,466,468,470,472,474,476,478,480,482,484},{0,0,0,0,0,0,0,0,0,0,0,0,0,0,0,0,0,0,0,0,0,0,0,0,0,0,0,0,0,0,0,0,0,0,0,0,0,0,0,0,0,0,0,0,0,0,0,0,0,0,0,0,0,0,0,0,0,0,0,0,0,0,0,0,0,0,0,0,0,0,0,0,0,0,0,0,0,0,0,0,0,0,0,0,0,0,0,0,0,0,0,0,0,0,0,0,0,0,0,0,0,0,0,0,0,0,0,0,0,0,0,0,0,0,0,0,0,0,0,0,0,0,0,0,0,0,0,0,0,0,0,0,0,0,0,0,0,0,0,0,0,0,0,0,0,0,0,0,0,0,0,0,0,0,0,0,0,0,0,0,0,0,0,0,0,0,0,0,0,0,0,0,0,0,0,0,0,0,0,0,0,0,0,0,0,0,0,0,0,0,0,0,0,0,0,0,0,0,0,0,0,0,0,0,0,0,0,0,0,0,0,0,0,0,0,0,2,4,6,8,10,12,14,16,18,20,22,24,26,28,30,32,34,36,38,40,42,44,46,48,50,52,54,56,58,60,62,64,66,68,70,72,74,76,78,80,82,84,86,88,90,92,94,96,98,100,102,104,106,108,110,112,114,116,118,120,122,124,126,128,130,132,134,136,138,140,142,144,146,148,150,152,154,156,158,160,162,164,166,168,170,172,174,176,178,180,182,184,186,188,190,192,194,196,198,200,202,204,206,208,210,212,214,216,218,220,222,224,226,228,230,232,234,236,238,240,242,244,246,248,250,252,254,256,258,260,262,264,266,268,270,272,274,276,278,280,282,284,286,288,290,292,294,296,298,300,302,304,306,308,310,312,314,316,318,320,322,324,326,328,330,332,334,336,338,340,342,344,346,348,350,352,354,356,358,360,362,364,366,368,370,372,374,376,378,380,382,384,386,388,390,392,394,396,398,400,402,404,406,408,410,412,414,416,418,420,422,424,426,428,430,432},{0,0,0,0,0,0,0,0,0,0,0,0,0,0,0,0,0,0,0,0,0,0,0,0,0,0,0,0,0,0,0,0,0,0,0,0,0,0,0,0,0,0,0,0,0,0,0,0,0,0,0,0,0,0,0,0,0,0,0,0,0,0,0,0,0,0,0,0,0,0,0,0,0,0,0,0,0,0,0,0,0,0,0,0,0,0,0,0,0,0,0,0,0,0,0,0,0,0,0,0,0,0,0,0,0,0,0,0,0,0,0,0,0,0,0,0,0,0,0,0,0,0,0,0,0,0,0,0,0,0,0,0,0,0,0,0,0,0,0,0,0,0,0,0,0,0,0,0,0,0,0,0,0,0,0,0,0,0,0,0,0,0,0,0,0,0,0,0,0,0,0,0,0,0,0,0,0,0,0,0,0,0,0,0,0,0,0,0,0,0,0,0,0,0,0,0,0,0,0,0,0,0,0,0,0,0,0,0,0,0,0,0,0,0,0,0,0,0,3,6,9,12,15,18,21,24,27,30,33,36,39,42,45,48,51,54,57,60,63,66,69,72,75,78,81,84,87,90,93,96,99,102,105,108,111,114,117,120,123,126,129,132,135,138,141,144,147,150,153,156,159,162,165,168,171,174,177,180,183,186,189,192,195,198,201,204,207,210,213,216,219,222,225,228,231,234,237,240,243,246,249,252,255,258,261,264,267,270,273,276,279,282,285,288,291,294,297,300,303,306,309,312,315,318,321,324,327,330,333,336,339,342,345,348,351,354,357,360,363,366,369,372,375,378,381,384,387,390,393,396,399,402,405,408,411,414,417,420,423,426,429,432,435,438,441,444,447,450,453,456,459,462,465,468,471,474,477,480,483,486,489,492,495,498,501,504,507,510,513,516,519,522,525,528,531,534,537,540,543,546,549,552,555,558,561,564,567,570,573,576,579,582,585,588,591,594,597,600,603,606,609,612,615,618,621,624,627,630,633,636,639,642},{0,0,0,0,0,0,0,0,0,0,0,0,0,0,0,0,0,0,0,0,0,0,0,0,0,0,0,0,0,0,0,0,0,0,0,0,0,0,0,0,0,0,0,0,0,0,0,0,0,0,0,0,0,0,0,0,0,0,0,0,0,0,0,0,0,0,0,0,0,0,0,0,0,0,0,0,0,0,0,0,0,0,0,0,0,0,0,0,0,0,0,0,0,0,0,0,0,0,0,0,0,0,0,0,0,0,0,0,0,0,0,0,0,0,0,0,0,0,0,0,0,0,0,0,0,0,0,0,0,0,0,0,0,0,0,0,0,0,0,0,0,0,0,0,0,0,0,0,0,0,0,0,0,0,0,0,0,0,0,0,0,0,0,0,0,0,0,0,0,0,0,0,0,0,0,0,0,0,0,0,0,0,0,0,0,0,0,0,0,0,0,0,0,0,0,0,0,0,0,0,0,0,0,0,0,0,0,0,0,0,0,0,0,0,0,0,0,0,0,0,0,0,0,0,0,0,0,0,3,6,9,12,15,18,21,24,27,30,33,36,39,42,45,48,51,54,57,60,63,66,69,72,75,78,81,84,87,90,93,96,99,102,105,108,111,114,117,120,123,126,129,132,135,138,141,144,147,150,153,156,159,162,165,168,171,174,177,180,183,186,189,192,195,198,201,204,207,210,213,216,219,222,225,228,231,234,237,240,243,246,249,252,255,258,261,264,267,270,273,276,279,282,285,288,291,294,297,300,303,306,309,312,315,318,321,324,327,330,333,336,339,342,345,348,351,354,357,360,363,366,369,372,375,378,381,384,387,390,393,396,399,402,405,408,411,414,417,420,423,426,429,432,435,438,441,444,447,450,453,456,459,462,465,468,471,474,477,480,483,486,489,492,495,498,501,504,507,510,513,516,519,522,525,528,531,534,537,540,543,546,549,552,555,558,561,564,567,570,573,576,579,582,585,588,591,594,597,600,603,606,609,612},{0,0,0,0,0,0,0,0,0,0,0,0,0,0,0,0,0,0,0,0,0,0,0,0,0,0,0,0,0,0,0,0,0,0,0,0,0,0,0,0,0,0,0,0,0,0,0,0,0,0,0,0,0,0,0,0,0,0,0,0,0,0,0,0,0,0,0,0,0,0,0,0,0,0,0,0,0,0,0,0,0,0,0,0,0,0,0,0,0,0,0,0,0,0,0,0,0,0,0,0,0,0,0,0,0,0,0,0,0,0,0,0,0,0,0,0,0,0,0,0,0,0,0,0,0,0,0,0,0,0,0,0,0,0,0,0,0,0,0,0,0,0,0,0,0,0,0,0,0,0,0,0,0,0,0,0,0,0,0,0,0,0,0,0,0,0,0,0,0,0,0,0,0,0,0,0,0,0,0,0,0,0,0,0,0,0,0,0,0,0,0,0,0,0,0,0,0,0,0,0,0,0,0,0,0,0,0,0,0,0,0,0,0,0,0,0,0,0,0,0,0,0,0,0,0,0,0,0,0,0,0,0,0,0,0,0,0,0,0,0,0,0,0,0,0,0,0,2,4,6,8,10,12,14,16,18,20,22,24,26,28,30,32,34,36,38,40,42,44,46,48,50,52,54,56,58,60,62,64,66,68,70,72,74,76,78,80,82,84,86,88,90,92,94,96,98,100,102,104,106,108,110,112,114,116,118,120,122,124,126,128,130,132,134,136,138,140,142,144,146,148,150,152,154,156,158,160,162,164,166,168,170,172,174,176,178,180,182,184,186,188,190,192,194,196,198,200,202,204,206,208,210,212,214,216,218,220,222,224,226,228,230,232,234,236,238,240,242,244,246,248,250,252,254,256,258,260,262,264,266,268,270,272,274,276,278,280,282,284,286,288,290,292,294,296,298,300,302,304,306,308,310,312,314,316,318,320,322,324,326,328,330,332,334,336,338,340,342,344,346,348,350,352,354,356,358,360,362,364,366,368,370},{0,0,0,0,0,0,0,0,0,0,0,0,0,0,0,0,0,0,0,0,0,0,0,0,0,0,0,0,0,0,0,0,0,0,0,0,0,0,0,0,0,0,0,0,0,0,0,0,0,0,0,0,0,0,0,0,0,0,0,0,0,0,0,0,0,0,0,0,0,0,0,0,0,0,0,0,0,0,0,0,0,0,0,0,0,0,0,0,0,0,0,0,0,0,0,0,0,0,0,0,0,0,0,0,0,0,0,0,0,0,0,0,0,0,0,0,0,0,0,0,0,0,0,0,0,0,0,0,0,0,0,0,0,0,0,0,0,0,0,0,0,0,0,0,0,0,0,0,0,0,0,0,0,0,0,0,0,0,0,0,0,0,0,0,0,0,0,0,0,0,0,0,0,0,0,0,0,0,0,0,0,0,0,0,0,0,0,0,0,0,0,0,0,0,0,0,0,0,0,0,0,0,0,0,0,0,0,0,0,0,0,0,0,0,0,0,0,0,0,0,0,0,0,0,0,0,0,0,0,0,0,0,0,0,0,0,0,0,0,0,0,0,0,0,0,0,0,0,0,0,0,0,0,0,0,0,2,4,6,8,10,12,14,16,18,20,22,24,26,28,30,32,34,36,38,40,42,44,46,48,50,52,54,56,58,60,62,64,66,68,70,72,74,76,78,80,82,84,86,88,90,92,94,96,98,100,102,104,106,108,110,112,114,116,118,120,122,124,126,128,130,132,134,136,138,140,142,144,146,148,150,152,154,156,158,160,162,164,166,168,170,172,174,176,178,180,182,184,186,188,190,192,194,196,198,200,202,204,206,208,210,212,214,216,218,220,222,224,226,228,230,232,234,236,238,240,242,244,246,248,250,252,254,256,258,260,262,264,266,268,270,272,274,276,278,280,282,284,286,288,290,292,294,296,298,300,302,304,306,308,310,312,314,316,318,320,322,324,326,328,330,332,334,336,338,340,342,344,346,348,350,352},{0,0,0,0,0,0,0,0,0,0,0,0,0,0,0,0,0,0,0,0,0,0,0,0,0,0,0,0,0,0,0,0,0,0,0,0,0,0,0,0,0,0,0,0,0,0,0,0,0,0,0,0,0,0,0,0,0,0,0,0,0,0,0,0,0,0,0,0,0,0,0,0,0,0,0,0,0,0,0,0,0,0,0,0,0,0,0,0,0,0,0,0,0,0,0,0,0,0,0,0,0,0,0,0,0,0,0,0,0,0,0,0,0,0,0,0,0,0,0,0,0,0,0,0,0,0,0,0,0,0,0,0,0,0,0,0,0,0,0,0,0,0,0,0,0,0,0,0,0,0,0,0,0,0,0,0,0,0,0,0,0,0,0,0,0,0,0,0,0,0,0,0,0,0,0,0,0,0,0,0,0,0,0,0,0,0,0,0,0,0,0,0,0,0,0,0,0,0,0,0,0,0,0,0,0,0,0,0,0,0,0,0,0,0,0,0,0,0,0,0,0,0,0,0,0,0,0,0,0,0,0,0,0,0,0,0,0,0,0,0,0,0,0,0,0,0,0,0,0,0,0,0,0,0,0,0,0,0,0,0,0,0,0,0,0,0,0,0,2,4,6,8,10,12,14,16,18,20,22,24,26,28,30,32,34,36,38,40,42,44,46,48,50,52,54,56,58,60,62,64,66,68,70,72,74,76,78,80,82,84,86,88,90,92,94,96,98,100,102,104,106,108,110,112,114,116,118,120,122,124,126,128,130,132,134,136,138,140,142,144,146,148,150,152,154,156,158,160,162,164,166,168,170,172,174,176,178,180,182,184,186,188,190,192,194,196,198,200,202,204,206,208,210,212,214,216,218,220,222,224,226,228,230,232,234,236,238,240,242,244,246,248,250,252,254,256,258,260,262,264,266,268,270,272,274,276,278,280,282,284,286,288,290,292,294,296,298,300,302,304,306,308,310,312,314,316,318,320,322,324,326,328},{0,0,0,0,0,0,0,0,0,0,0,0,0,0,0,0,0,0,0,0,0,0,0,0,0,0,0,0,0,0,0,0,0,0,0,0,0,0,0,0,0,0,0,0,0,0,0,0,0,0,0,0,0,0,0,0,0,0,0,0,0,0,0,0,0,0,0,0,0,0,0,0,0,0,0,0,6,12,18,24,30,36,42,48,54,60,66,72,78,84,90,96,102,108,114,120,126,132,138,144,150,156,162,168,174,180,186,192,198,204,210,216,222,228,234,240,246,252,258,264,270,276,282,288,294,300,306,312,318,324,330,336,342,348,354,360,366,372,378,384,390,396,402,408,414,420,426,432,438,444,450,456,462,468,474,480,486,492,498,504,510,516,522,528,534,540,546,552,558,564,570,576,582,588,594,600,606,612,618,624,630,636,642,648,654,660,666,672,678,684,690,696,702,708,714,720,726,732,738,744,750,756,762,768,774,780,786,792,798,804,810,816,822,828,834,840,846,852,858,864,870,876,882,888,894,900,906,912,918,924,930,936,942,948,954,960,966,972,978,984,990,996,1002,1008,1014,1020,1026,1032,1038,1044,1050,1056,1062,1068,1074,1080,1086,1092,1098,1104,1110,1116,1122,1128,1134,1140,1146,1152,1158,1164,1170,1176,1182,1188,1194,1200,1206,1212,1218,1224,1230,1236,1242,1248,1254,1260,1266,1272,1278,1284,1290,1296,1302,1308,1314,1320,1326,1332,1338,1344,1350,1356,1362,1368,1374,1380,1386,1392,1398,1404,1410,1416,1422,1428,1434,1440,1446,1452,1458,1464,1470,1476,1482,1488,1494,1500,1506,1512,1518,1524,1530,1536,1542,1548,1554,1560,1566,1572,1578,1584,1590,1596,1602,1608,1614,1620,1626,1632,1638,1644,1650,1656,1662,1668,1674,1680,1686,1692,1698,1704,1710,1716,1722,1728,1734,1740,1746,1752,1758,1764,1770,1776,1782,1788,1794,1800,1806,1812,1818,1824,1830,1836,1842,1848,1854,1860,1866,1872,1878,1884,1890,1896,1902,1908,1914,1920,1926,1932,1938,1944,1950,1956,1962,1968,1974,1980,1986,1992,1998,2004,2010,2016,2022,2028,2034,2040,2046,2052,2058,2064,2070,2076,2082,2088,2094,2100,2106,2112,2118,2124,2130,2136},{0,0,0,0,0,0,0,0,0,0,0,0,0,0,0,0,0,0,0,0,0,0,0,0,0,0,0,0,0,0,0,0,0,0,0,0,0,0,0,0,0,0,0,0,0,0,0,0,0,0,0,0,0,0,0,0,0,0,0,0,0,0,0,0,0,0,0,0,0,0,0,0,0,0,0,0,4,8,12,16,20,24,28,32,36,40,44,48,52,56,60,64,68,72,76,80,84,88,92,96,100,104,108,112,116,120,124,128,132,136,140,144,148,152,156,160,164,168,172,176,180,184,188,192,196,200,204,208,212,216,220,224,228,232,236,240,244,248,252,256,260,264,268,272,276,280,284,288,292,296,300,304,308,312,316,320,324,328,332,336,340,344,348,352,356,360,364,368,372,376,380,384,388,392,396,400,404,408,412,416,420,424,428,432,436,440,444,448,452,456,460,464,468,472,476,480,484,488,492,496,500,504,508,512,516,520,524,528,532,536,540,544,548,552,556,560,564,568,572,576,580,584,588,592,596,600,604,608,612,616,620,624,628,632,636,640,644,648,652,656,660,664,668,672,676,680,684,688,692,696,700,704,708,712,716,720,724,728,732,736,740,744,748,752,756,760,764,768,772,776,780,784,788,792,796,800,804,808,812,816,820,824,828,832,836,840,844,848,852,856,860,864,868,872,876,880,884,888,892,896,900,904,908,912,916,920,924,928,932,936,940,944,948,952,956,960,964,968,972,976,980,984,988,992,996,1000,1004,1008,1012,1016,1020,1024,1028,1032,1036,1040,1044,1048,1052,1056,1060,1064,1068,1072,1076,1080,1084,1088,1092,1096,1100,1104,1108,1112,1116,1120,1124,1128,1132,1136,1140,1144,1148,1152,1156,1160,1164,1168,1172,1176,1180,1184,1188,1192,1196,1200,1204,1208,1212,1216,1220,1224,1228,1232,1236,1240,1244,1248,1252,1256,1260,1264,1268,1272,1276,1280,1284,1288,1292,1296,1300,1304,1308,1312,1316,1320,1324,1328,1332,1336,1340,1344,1348,1352,1356,1360,1364,1368,1372,1376,1380,1384,1388,1392,1396,1400,1404,1408,1412,1416,1420,1424},{0,0,0,0,0,0,0,0,0,0,0,0,0,0,0,0,0,0,0,0,0,0,0,0,0,0,0,0,0,0,0,0,0,0,0,0,0,0,0,0,0,0,0,0,0,0,0,0,0,0,0,0,0,0,0,0,0,0,0,0,0,0,0,0,0,0,0,0,0,0,0,0,4,8,12,16,20,24,28,32,36,40,44,48,52,56,60,64,68,72,76,80,84,88,92,96,100,104,108,112,116,120,124,128,132,136,140,144,148,152,156,160,164,168,172,176,180,184,188,192,196,200,204,208,212,216,220,224,228,232,236,240,244,248,252,256,260,264,268,272,276,280,284,288,292,296,300,304,308,312,316,320,324,328,332,336,340,344,348,352,356,360,364,368,372,376,380,384,388,392,396,400,404,408,412,416,420,424,428,432,436,440,444,448,452,456,460,464,468,472,476,480,484,488,492,496,500,504,508,512,516,520,524,528,532,536,540,544,548,552,556,560,564,568,572,576,580,584,588,592,596,600,604,608,612,616,620,624,628,632,636,640,644,648,652,656,660,664,668,672,676,680,684,688,692,696,700,704,708,712,716,720,724,728,732,736,740,744,748,752,756,760,764,768,772,776,780,784,788,792,796,800,804,808,812,816,820,824,828,832,836,840,844,848,852,856,860,864,868,872,876,880,884,888,892,896,900,904,908,912,916,920,924,928,932,936,940,944,948,952,956,960,964,968,972,976,980,984,988,992,996,1000,1004,1008,1012,1016,1020,1024,1028,1032,1036,1040,1044,1048,1052,1056,1060,1064,1068,1072,1076,1080,1084,1088,1092,1096,1100,1104,1108,1112,1116,1120,1124,1128,1132,1136,1140,1144,1148,1152,1156,1160,1164,1168,1172,1176,1180,1184,1188,1192,1196,1200,1204,1208,1212,1216,1220,1224,1228,1232,1236,1240,1244,1248,1252,1256,1260,1264,1268,1272,1276,1280,1284,1288,1292,1296,1300,1304,1308,1312,1316,1320,1324,1328,1332,1336,1340,1344,1348,1352,1356,1360,1364,1368,1372,1376,1380,1384,1388,1392,1396,1400,1404,1408,1412,1416,1420,1424,1428,1432,1436,1440},{0,0,0,0,0,0,0,0,0,0,0,0,0,0,0,0,0,0,0,0,0,0,0,0,0,0,0,0,0,0,0,0,0,0,0,0,0,0,0,0,0,0,0,0,0,0,0,0,0,0,0,0,0,0,0,0,0,0,0,0,0,0,0,0,0,0,0,0,0,0,0,0,0,0,0,0,0,0,0,0,0,0,0,0,0,0,0,0,0,0,0,0,0,0,0,0,0,0,0,0,0,0,0,0,0,0,6,12,18,24,30,36,42,48,54,60,66,72,78,84,90,96,102,108,114,120,126,132,138,144,150,156,162,168,174,180,186,192,198,204,210,216,222,228,234,240,246,252,258,264,270,276,282,288,294,300,306,312,318,324,330,336,342,348,354,360,366,372,378,384,390,396,402,408,414,420,426,432,438,444,450,456,462,468,474,480,486,492,498,504,510,516,522,528,534,540,546,552,558,564,570,576,582,588,594,600,606,612,618,624,630,636,642,648,654,660,666,672,678,684,690,696,702,708,714,720,726,732,738,744,750,756,762,768,774,780,786,792,798,804,810,816,822,828,834,840,846,852,858,864,870,876,882,888,894,900,906,912,918,924,930,936,942,948,954,960,966,972,978,984,990,996,1002,1008,1014,1020,1026,1032,1038,1044,1050,1056,1062,1068,1074,1080,1086,1092,1098,1104,1110,1116,1122,1128,1134,1140,1146,1152,1158,1164,1170,1176,1182,1188,1194,1200,1206,1212,1218,1224,1230,1236,1242,1248,1254,1260,1266,1272,1278,1284,1290,1296,1302,1308,1314,1320,1326,1332,1338,1344,1350,1356,1362,1368,1374,1380,1386,1392,1398,1404,1410,1416,1422,1428,1434,1440,1446,1452,1458,1464,1470,1476,1482,1488,1494,1500,1506,1512,1518,1524,1530,1536,1542,1548,1554,1560,1566,1572,1578,1584,1590,1596,1602,1608,1614,1620,1626,1632,1638,1644,1650,1656,1662,1668,1674,1680,1686,1692,1698,1704,1710,1716,1722,1728,1734,1740,1746,1752,1758,1764,1770,1776,1782,1788,1794,1800,1806,1812,1818,1824,1830,1836,1842,1848,1854,1860,1866,1872,1878,1884,1890,1896,1902,1908,1914,1920,1926,1932,1938,1944,1950,1956},{0,0,0,0,0,0,0,0,0,0,0,0,0,0,0,0,0,0,0,0,0,0,0,0,0,0,0,0,0,0,0,0,0,0,0,0,0,0,0,0,0,0,0,0,0,0,0,0,0,0,0,0,0,0,0,0,0,0,0,0,0,0,0,0,0,0,0,0,0,0,0,0,0,0,0,0,0,0,0,0,0,0,0,0,0,0,0,0,0,0,0,0,0,0,0,0,0,0,0,0,0,0,0,0,0,0,0,0,0,0,0,0,0,0,0,0,0,0,6,12,18,24,30,36,42,48,54,60,66,72,78,84,90,96,102,108,114,120,126,132,138,144,150,156,162,168,174,180,186,192,198,204,210,216,222,228,234,240,246,252,258,264,270,276,282,288,294,300,306,312,318,324,330,336,342,348,354,360,366,372,378,384,390,396,402,408,414,420,426,432,438,444,450,456,462,468,474,480,486,492,498,504,510,516,522,528,534,540,546,552,558,564,570,576,582,588,594,600,606,612,618,624,630,636,642,648,654,660,666,672,678,684,690,696,702,708,714,720,726,732,738,744,750,756,762,768,774,780,786,792,798,804,810,816,822,828,834,840,846,852,858,864,870,876,882,888,894,900,906,912,918,924,930,936,942,948,954,960,966,972,978,984,990,996,1002,1008,1014,1020,1026,1032,1038,1044,1050,1056,1062,1068,1074,1080,1086,1092,1098,1104,1110,1116,1122,1128,1134,1140,1146,1152,1158,1164,1170,1176,1182,1188,1194,1200,1206,1212,1218,1224,1230,1236,1242,1248,1254,1260,1266,1272,1278,1284,1290,1296,1302,1308,1314,1320,1326,1332,1338,1344,1350,1356,1362,1368,1374,1380,1386,1392,1398,1404,1410,1416,1422,1428,1434,1440,1446,1452,1458,1464,1470,1476,1482,1488,1494,1500,1506,1512,1518,1524,1530,1536,1542,1548,1554,1560,1566,1572,1578,1584,1590,1596,1602,1608,1614,1620,1626,1632,1638,1644,1650,1656,1662,1668,1674,1680,1686,1692,1698,1704,1710,1716,1722,1728,1734,1740,1746,1752,1758,1764,1770,1776,1782,1788,1794,1800,1806,1812,1818,1824,1830,1836,1842,1848,1854,1860,1866,1872,1878,1884},{0,0,0,0,0,0,0,0,0,0,0,0,0,0,0,0,0,0,0,0,0,0,0,0,0,0,0,0,0,0,0,0,0,0,0,0,0,0,0,0,0,0,0,0,0,0,0,0,0,0,0,0,0,0,0,0,0,0,0,0,0,0,0,0,0,0,0,0,0,0,0,0,0,0,0,0,0,0,0,0,0,0,0,0,0,0,0,0,0,0,0,0,0,0,0,0,0,0,0,0,0,0,0,0,0,0,0,0,0,0,0,0,0,0,0,0,0,0,0,0,0,0,0,0,0,0,0,0,0,0,0,0,0,0,0,0,0,0,0,0,0,0,0,0,0,0,0,0,0,0,0,0,0,0,0,0,0,0,0,0,8,16,24,32,40,48,56,64,72,80,88,96,104,112,120,128,136,144,152,160,168,176,184,192,200,208,216,224,232,240,248,256,264,272,280,288,296,304,312,320,328,336,344,352,360,368,376,384,392,400,408,416,424,432,440,448,456,464,472,480,488,496,504,512,520,528,536,544,552,560,568,576,584,592,600,608,616,624,632,640,648,656,664,672,680,688,696,704,712,720,728,736,744,752,760,768,776,784,792,800,808,816,824,832,840,848,856,864,872,880,888,896,904,912,920,928,936,944,952,960,968,976,984,992,1000,1008,1016,1024,1032,1040,1048,1056,1064,1072,1080,1088,1096,1104,1112,1120,1128,1136,1144,1152,1160,1168,1176,1184,1192,1200,1208,1216,1224,1232,1240,1248,1256,1264,1272,1280,1288,1296,1304,1312,1320,1328,1336,1344,1352,1360,1368,1376,1384,1392,1400,1408,1416,1424,1432,1440,1448,1456,1464,1472,1480,1488,1496,1504,1512,1520,1528,1536,1544,1552,1560,1568,1576,1584,1592,1600,1608,1616,1624,1632,1640,1648,1656,1664,1672,1680,1688,1696,1704,1712,1720,1728,1736,1744,1752,1760,1768,1776,1784,1792,1800,1808,1816,1824,1832,1840,1848,1856,1864,1872,1880,1888,1896,1904,1912,1920,1928,1936,1944,1952,1960,1968,1976,1984,1992,2000,2008,2016,2024,2032,2040,2048,2056,2064,2072,2080,2088,2096,2104,2112,2120,2128,2136,2144,2152,2160,2168,2176},{0,0,0,0,0,0,0,0,0,0,0,0,0,0,0,0,0,0,0,0,0,0,0,0,0,0,0,0,0,0,0,0,0,0,0,0,0,0,0,0,0,0,0,0,0,0,0,0,0,0,0,0,0,0,0,0,0,0,0,0,0,0,0,0,0,0,0,0,0,0,0,0,0,0,0,0,0,0,0,0,0,0,0,0,0,0,0,0,0,0,0,0,0,0,0,0,0,0,0,0,0,0,0,0,0,0,0,0,0,0,0,0,0,0,0,0,0,0,0,0,0,0,0,0,0,0,0,0,0,0,0,0,0,0,0,0,0,0,0,0,0,0,0,0,0,0,0,0,0,0,0,0,0,0,0,0,0,0,12,24,36,48,60,72,84,96,108,120,132,144,156,168,180,192,204,216,228,240,252,264,276,288,300,312,324,336,348,360,372,384,396,408,420,432,444,456,468,480,492,504,516,528,540,552,564,576,588,600,612,624,636,648,660,672,684,696,708,720,732,744,756,768,780,792,804,816,828,840,852,864,876,888,900,912,924,936,948,960,972,984,996,1008,1020,1032,1044,1056,1068,1080,1092,1104,1116,1128,1140,1152,1164,1176,1188,1200,1212,1224,1236,1248,1260,1272,1284,1296,1308,1320,1332,1344,1356,1368,1380,1392,1404,1416,1428,1440,1452,1464,1476,1488,1500,1512,1524,1536,1548,1560,1572,1584,1596,1608,1620,1632,1644,1656,1668,1680,1692,1704,1716,1728,1740,1752,1764,1776,1788,1800,1812,1824,1836,1848,1860,1872,1884,1896,1908,1920,1932,1944,1956,1968,1980,1992,2004,2016,2028,2040,2052,2064,2076,2088,2100,2112,2124,2136,2148,2160,2172,2184,2196,2208,2220,2232,2244,2256,2268,2280,2292,2304,2316,2328,2340,2352,2364,2376,2388,2400,2412,2424,2436,2448,2460,2472,2484,2496,2508,2520,2532,2544,2556,2568,2580,2592,2604,2616,2628,2640,2652,2664,2676,2688,2700,2712,2724,2736,2748,2760,2772,2784,2796,2808,2820,2832,2844,2856,2868,2880,2892,2904,2916,2928,2940,2952,2964,2976,2988,3000,3012,3024,3036,3048,3060,3072,3084,3096,3108,3120,3132,3144,3156,3168,3180,3192,3204,3216,3228,3240,3252,3264,3276,3288},{0,0,0,0,0,0,0,0,0,0,0,0,0,0,0,0,0,0,0,0,0,0,0,0,0,0,0,0,0,0,0,0,0,0,0,0,0,0,0,0,0,0,0,0,0,0,0,0,0,0,0,0,0,0,0,0,0,0,0,0,0,0,0,0,0,0,0,0,0,0,0,0,0,0,0,0,0,0,0,0,0,0,0,0,0,0,0,0,0,0,0,0,0,0,0,0,0,0,0,0,0,0,0,0,0,0,0,0,0,0,0,0,0,0,0,0,0,0,0,0,0,0,0,0,0,0,0,0,0,0,0,0,0,0,0,0,0,0,0,0,0,0,0,0,0,0,0,0,0,0,0,0,0,0,0,0,0,0,0,0,0,0,4,8,12,16,20,24,28,32,36,40,44,48,52,56,60,64,68,72,76,80,84,88,92,96,100,104,108,112,116,120,124,128,132,136,140,144,148,152,156,160,164,168,172,176,180,184,188,192,196,200,204,208,212,216,220,224,228,232,236,240,244,248,252,256,260,264,268,272,276,280,284,288,292,296,300,304,308,312,316,320,324,328,332,336,340,344,348,352,356,360,364,368,372,376,380,384,388,392,396,400,404,408,412,416,420,424,428,432,436,440,444,448,452,456,460,464,468,472,476,480,484,488,492,496,500,504,508,512,516,520,524,528,532,536,540,544,548,552,556,560,564,568,572,576,580,584,588,592,596,600,604,608,612,616,620,624,628,632,636,640,644,648,652,656,660,664,668,672,676,680,684,688,692,696,700,704,708,712,716,720,724,728,732,736,740,744,748,752,756,760,764,768,772,776,780,784,788,792,796,800,804,808,812,816,820,824,828,832,836,840,844,848,852,856,860,864,868,872,876,880,884,888,892,896,900,904,908,912,916,920,924,928,932,936,940,944,948,952,956,960,964,968,972,976,980,984,988,992,996,1000,1004,1008,1012,1016,1020,1024,1028,1032,1036,1040,1044,1048,1052,1056,1060,1064,1068,1072,1076,1080},{0,0,0,0,0,0,0,0,0,0,0,0,0,0,0,0,0,0,0,0,0,0,0,0,0,0,0,0,0,0,0,0,0,0,0,0,0,0,0,0,0,0,0,0,0,0,0,0,0,0,0,0,0,0,0,0,0,0,0,0,0,0,0,0,0,0,0,0,0,0,0,0,0,0,0,0,0,0,0,0,0,0,0,0,0,0,0,0,0,0,0,0,0,0,0,0,0,0,0,0,0,0,0,0,0,0,0,0,0,0,0,0,0,0,0,0,0,0,0,0,0,0,0,0,0,0,0,0,0,0,0,0,0,0,0,0,0,0,0,0,0,0,0,0,0,0,0,0,0,0,0,0,0,0,0,0,0,0,0,0,0,0,0,0,0,0,0,0,0,0,0,0,0,0,0,0,0,0,0,0,0,0,0,0,0,0,0,0,0,0,0,0,0,0,0,0,0,0,0,0,0,0,0,0,0,0,0,12,24,36,48,60,72,84,96,108,120,132,144,156,168,180,192,204,216,228,240,252,264,276,288,300,312,324,336,348,360,372,384,396,408,420,432,444,456,468,480,492,504,516,528,540,552,564,576,588,600,612,624,636,648,660,672,684,696,708,720,732,744,756,768,780,792,804,816,828,840,852,864,876,888,900,912,924,936,948,960,972,984,996,1008,1020,1032,1044,1056,1068,1080,1092,1104,1116,1128,1140,1152,1164,1176,1188,1200,1212,1224,1236,1248,1260,1272,1284,1296,1308,1320,1332,1344,1356,1368,1380,1392,1404,1416,1428,1440,1452,1464,1476,1488,1500,1512,1524,1536,1548,1560,1572,1584,1596,1608,1620,1632,1644,1656,1668,1680,1692,1704,1716,1728,1740,1752,1764,1776,1788,1800,1812,1824,1836,1848,1860,1872,1884,1896,1908,1920,1932,1944,1956,1968,1980,1992,2004,2016,2028,2040,2052,2064,2076,2088,2100,2112,2124,2136,2148,2160,2172,2184,2196,2208,2220,2232,2244,2256,2268,2280,2292,2304,2316,2328,2340,2352,2364,2376,2388,2400,2412,2424,2436,2448,2460,2472,2484,2496,2508,2520,2532,2544,2556,2568,2580,2592,2604,2616,2628,2640,2652,2664,2676,2688,2700},{0,0,0,0,0,0,0,0,0,0,0,0,0,0,0,0,0,0,0,0,0,0,0,0,0,0,0,0,0,0,0,0,0,0,0,0,0,0,0,0,0,0,0,0,0,0,0,0,0,0,0,0,0,0,0,0,0,0,0,0,0,0,0,0,0,0,0,0,0,0,0,0,0,0,0,0,0,0,0,0,0,0,0,0,0,0,0,0,0,0,0,0,0,0,0,0,0,0,0,0,0,0,0,0,0,0,0,0,0,0,0,0,0,0,0,0,0,0,0,0,0,0,0,0,0,0,0,0,0,0,0,0,0,0,0,0,0,0,0,0,0,0,0,0,0,0,0,0,0,0,0,0,0,0,0,0,0,0,0,0,0,0,0,0,0,0,0,0,0,0,0,0,0,0,0,0,0,0,0,0,0,0,0,0,0,0,0,0,0,0,0,0,0,0,0,0,0,0,0,0,0,0,0,0,0,0,0,0,4,8,12,16,20,24,28,32,36,40,44,48,52,56,60,64,68,72,76,80,84,88,92,96,100,104,108,112,116,120,124,128,132,136,140,144,148,152,156,160,164,168,172,176,180,184,188,192,196,200,204,208,212,216,220,224,228,232,236,240,244,248,252,256,260,264,268,272,276,280,284,288,292,296,300,304,308,312,316,320,324,328,332,336,340,344,348,352,356,360,364,368,372,376,380,384,388,392,396,400,404,408,412,416,420,424,428,432,436,440,444,448,452,456,460,464,468,472,476,480,484,488,492,496,500,504,508,512,516,520,524,528,532,536,540,544,548,552,556,560,564,568,572,576,580,584,588,592,596,600,604,608,612,616,620,624,628,632,636,640,644,648,652,656,660,664,668,672,676,680,684,688,692,696,700,704,708,712,716,720,724,728,732,736,740,744,748,752,756,760,764,768,772,776,780,784,788,792,796,800,804,808,812,816,820,824,828,832,836,840,844,848,852,856,860,864,868,872,876,880,884,888,892,896},{0,0,0,0,0,0,0,0,0,0,0,0,0,0,0,0,0,0,0,0,0,0,0,0,0,0,0,0,0,0,0,0,0,0,0,0,0,0,0,0,0,0,0,0,0,0,0,0,0,0,0,0,0,0,0,0,0,0,0,0,0,0,0,0,0,0,0,0,0,0,0,0,0,0,0,0,0,0,0,0,0,0,0,0,0,0,0,0,0,0,0,0,0,0,0,0,0,0,0,0,0,0,0,0,0,0,0,0,0,0,0,0,0,0,0,0,0,0,0,0,0,0,0,0,0,0,0,0,0,0,0,0,0,0,0,0,0,0,0,0,0,0,0,0,0,0,0,0,0,0,0,0,0,0,0,0,0,0,0,0,0,0,0,0,0,0,0,0,0,0,0,0,0,0,0,0,0,0,0,0,0,0,0,0,0,0,0,0,0,0,0,0,0,0,0,0,0,0,0,0,0,0,0,0,0,0,0,0,0,0,0,0,0,0,0,0,0,0,0,0,0,0,0,0,0,0,0,0,0,0,0,0,0,0,0,0,10,20,30,40,50,60,70,80,90,100,110,120,130,140,150,160,170,180,190,200,210,220,230,240,250,260,270,280,290,300,310,320,330,340,350,360,370,380,390,400,410,420,430,440,450,460,470,480,490,500,510,520,530,540,550,560,570,580,590,600,610,620,630,640,650,660,670,680,690,700,710,720,730,740,750,760,770,780,790,800,810,820,830,840,850,860,870,880,890,900,910,920,930,940,950,960,970,980,990,1000,1010,1020,1030,1040,1050,1060,1070,1080,1090,1100,1110,1120,1130,1140,1150,1160,1170,1180,1190,1200,1210,1220,1230,1240,1250,1260,1270,1280,1290,1300,1310,1320,1330,1340,1350,1360,1370,1380,1390,1400,1410,1420,1430,1440,1450,1460,1470,1480,1490,1500,1510,1520,1530,1540,1550,1560,1570,1580,1590,1600,1610,1620,1630,1640,1650,1660,1670,1680,1690,1700,1710,1720,1730,1740,1750,1760,1770,1780,1790,1800,1810,1820,1830,1840,1850,1860,1870,1880,1890,1900,1910,1920,1930,1940,1950,1960},{0,0,0,0,0,0,0,0,0,0,0,0,0,0,0,0,0,0,0,0,0,0,0,0,0,0,0,0,0,0,0,0,0,0,0,0,0,0,0,0,0,0,0,0,0,0,0,0,0,0,0,0,0,0,0,0,0,0,0,0,0,0,0,0,0,0,0,0,0,0,0,0,0,0,0,0,0,0,0,0,0,0,0,0,0,0,0,0,0,0,0,0,0,0,0,0,0,0,0,0,0,0,0,0,0,0,0,0,0,0,0,0,0,0,0,0,0,0,0,0,0,0,0,0,0,0,0,0,0,0,0,0,0,0,0,0,0,0,0,0,0,0,0,0,0,0,0,0,0,0,0,0,0,0,0,0,0,0,0,0,0,0,0,0,0,0,0,0,0,0,0,0,0,0,0,0,0,0,0,0,0,0,0,0,0,0,0,0,0,0,0,0,0,0,0,0,0,0,0,0,0,0,0,0,0,0,0,0,0,0,0,0,0,0,0,0,0,0,0,0,0,0,0,0,0,0,0,0,0,0,0,0,0,0,0,0,0,0,0,0,4,8,12,16,20,24,28,32,36,40,44,48,52,56,60,64,68,72,76,80,84,88,92,96,100,104,108,112,116,120,124,128,132,136,140,144,148,152,156,160,164,168,172,176,180,184,188,192,196,200,204,208,212,216,220,224,228,232,236,240,244,248,252,256,260,264,268,272,276,280,284,288,292,296,300,304,308,312,316,320,324,328,332,336,340,344,348,352,356,360,364,368,372,376,380,384,388,392,396,400,404,408,412,416,420,424,428,432,436,440,444,448,452,456,460,464,468,472,476,480,484,488,492,496,500,504,508,512,516,520,524,528,532,536,540,544,548,552,556,560,564,568,572,576,580,584,588,592,596,600,604,608,612,616,620,624,628,632,636,640,644,648,652,656,660,664,668,672,676,680,684,688,692,696,700,704,708,712,716,720,724,728,732,736,740,744,748,752,756,760,764,768},{0,0,0,0,0,0,0,0,0,0,0,0,0,0,0,0,0,0,0,0,0,0,0,0,0,0,0,0,0,0,0,0,0,0,0,0,0,0,0,0,0,0,0,0,0,0,0,0,0,0,0,0,0,0,0,0,0,0,0,0,0,0,0,0,0,0,0,0,0,0,0,0,0,0,0,0,0,0,0,0,0,0,0,0,0,0,0,0,0,0,0,0,0,0,0,0,0,0,0,0,0,0,0,0,0,0,0,0,0,0,0,0,0,0,0,0,0,0,0,0,0,0,0,0,0,0,0,0,0,0,0,0,0,0,0,0,0,0,0,0,0,0,0,0,0,0,0,0,0,0,0,0,0,0,0,0,0,0,0,0,0,0,0,0,0,0,0,0,0,0,0,0,0,0,0,0,0,0,0,0,0,0,0,0,0,0,0,0,0,0,0,0,0,0,0,0,0,0,0,0,0,0,0,0,0,0,0,0,0,0,0,0,0,0,0,0,0,0,0,0,0,0,0,0,0,0,0,0,0,0,0,0,0,0,0,0,0,0,0,0,0,0,0,0,0,0,0,0,0,0,0,0,0,0,0,0,0,6,12,18,24,30,36,42,48,54,60,66,72,78,84,90,96,102,108,114,120,126,132,138,144,150,156,162,168,174,180,186,192,198,204,210,216,222,228,234,240,246,252,258,264,270,276,282,288,294,300,306,312,318,324,330,336,342,348,354,360,366,372,378,384,390,396,402,408,414,420,426,432,438,444,450,456,462,468,474,480,486,492,498,504,510,516,522,528,534,540,546,552,558,564,570,576,582,588,594,600,606,612,618,624,630,636,642,648,654,660,666,672,678,684,690,696,702,708,714,720,726,732,738,744,750,756,762,768,774,780,786,792,798,804,810,816,822,828,834,840,846,852,858,864,870,876,882,888,894,900,906,912,918,924,930,936,942,948,954,960,966,972,978,984,990,996,1002,1008,1014,1020,1026,1032,1038,1044,1050},{0,0,0,0,0,0,0,0,0,0,0,0,0,0,0,0,0,0,0,0,0,0,0,0,0,0,0,0,0,0,0,0,0,0,0,0,0,0,0,0,0,0,0,0,0,0,0,0,0,0,0,0,0,0,0,0,0,0,0,0,0,0,0,0,0,0,0,0,0,0,0,0,0,0,0,0,0,0,0,0,0,0,0,0,0,0,0,0,0,0,0,0,0,0,0,0,0,0,0,0,0,0,0,0,0,0,0,0,0,0,0,0,0,0,0,0,0,0,0,0,0,0,0,0,0,0,0,0,0,0,0,0,0,0,0,0,0,0,0,0,0,0,0,0,0,0,0,0,0,0,0,0,0,0,0,0,0,0,0,0,0,0,0,0,0,0,0,0,0,0,0,0,0,0,0,0,0,0,0,0,0,0,0,0,0,0,0,0,0,0,0,0,0,0,0,0,0,0,0,0,0,0,0,0,0,0,0,0,0,0,0,0,0,0,0,0,0,0,0,0,0,0,0,0,0,0,0,0,0,0,0,0,0,0,0,0,0,0,0,0,0,0,0,0,0,0,0,0,0,0,0,0,0,0,0,0,0,0,4,8,12,16,20,24,28,32,36,40,44,48,52,56,60,64,68,72,76,80,84,88,92,96,100,104,108,112,116,120,124,128,132,136,140,144,148,152,156,160,164,168,172,176,180,184,188,192,196,200,204,208,212,216,220,224,228,232,236,240,244,248,252,256,260,264,268,272,276,280,284,288,292,296,300,304,308,312,316,320,324,328,332,336,340,344,348,352,356,360,364,368,372,376,380,384,388,392,396,400,404,408,412,416,420,424,428,432,436,440,444,448,452,456,460,464,468,472,476,480,484,488,492,496,500,504,508,512,516,520,524,528,532,536,540,544,548,552,556,560,564,568,572,576,580,584,588,592,596,600,604,608,612,616,620,624,628,632,636,640,644,648,652,656,660,664,668,672,676,680,684,688,692,696},{0,0,0,0,0,0,0,0,0,0,0,0,0,0,0,0,0,0,0,0,0,0,0,0,0,0,0,0,0,0,0,0,0,0,0,0,0,0,0,0,0,0,0,0,0,0,0,0,0,0,0,0,0,0,0,0,0,0,0,0,0,0,0,0,0,0,0,0,0,0,0,0,0,0,0,0,0,0,0,0,0,0,0,0,0,0,0,0,0,0,0,0,0,0,0,0,0,0,0,0,0,0,0,0,0,0,0,0,0,0,0,0,0,0,0,0,0,0,0,0,0,0,0,0,0,0,0,0,0,0,0,0,0,0,0,0,0,0,0,0,0,0,0,0,0,0,0,0,0,0,0,0,0,0,0,0,0,0,0,0,0,0,0,0,0,0,0,0,0,0,0,0,0,0,0,0,0,0,0,0,0,0,0,0,0,0,0,0,0,0,0,0,0,0,0,0,0,0,0,0,0,0,0,0,0,0,0,0,0,0,0,0,0,0,0,0,0,0,0,0,0,0,0,0,0,0,0,0,0,0,0,0,0,0,0,0,0,0,0,0,0,0,0,0,0,0,0,0,0,0,0,0,0,0,0,0,0,0,0,0,0,0,0,0,0,0,0,0,0,0,0,0,0,0,0,4,8,12,16,20,24,28,32,36,40,44,48,52,56,60,64,68,72,76,80,84,88,92,96,100,104,108,112,116,120,124,128,132,136,140,144,148,152,156,160,164,168,172,176,180,184,188,192,196,200,204,208,212,216,220,224,228,232,236,240,244,248,252,256,260,264,268,272,276,280,284,288,292,296,300,304,308,312,316,320,324,328,332,336,340,344,348,352,356,360,364,368,372,376,380,384,388,392,396,400,404,408,412,416,420,424,428,432,436,440,444,448,452,456,460,464,468,472,476,480,484,488,492,496,500,504,508,512,516,520,524,528,532,536,540,544,548,552,556,560,564,568,572,576,580,584,588,592,596,600,604,608,612,616,620,624,628},{0,0,0,0,0,0,0,0,0,0,0,0,0,0,0,0,0,0,0,0,0,0,0,0,0,0,0,0,0,0,0,0,0,0,0,0,0,0,0,0,0,0,0,0,0,0,0,0,0,0,0,0,0,0,0,0,0,0,0,0,0,0,0,0,0,0,0,0,0,0,0,0,0,0,0,0,0,0,0,0,0,0,0,0,0,0,0,0,0,0,0,0,0,0,0,0,0,0,0,0,0,0,0,0,0,0,0,0,0,0,0,0,0,0,0,0,0,0,0,0,0,0,0,0,0,0,0,0,0,0,0,0,0,0,0,0,0,0,0,0,0,0,0,0,0,0,0,0,0,0,0,0,0,0,0,0,0,0,0,0,0,0,0,0,0,0,0,0,0,0,0,0,0,0,0,0,0,0,0,0,0,0,0,0,0,0,0,0,0,0,0,0,0,0,0,0,0,0,0,0,0,0,0,0,0,0,0,0,0,0,0,0,0,0,0,0,0,0,0,0,0,0,0,0,0,0,0,0,0,0,0,0,0,0,0,0,0,0,0,0,0,0,0,0,0,0,0,0,0,0,0,0,0,0,0,0,0,0,0,0,0,0,0,0,0,0,0,0,0,0,0,0,0,0,0,0,0,0,0,0,0,0,0,0,0,6,12,18,24,30,36,42,48,54,60,66,72,78,84,90,96,102,108,114,120,126,132,138,144,150,156,162,168,174,180,186,192,198,204,210,216,222,228,234,240,246,252,258,264,270,276,282,288,294,300,306,312,318,324,330,336,342,348,354,360,366,372,378,384,390,396,402,408,414,420,426,432,438,444,450,456,462,468,474,480,486,492,498,504,510,516,522,528,534,540,546,552,558,564,570,576,582,588,594,600,606,612,618,624,630,636,642,648,654,660,666,672,678,684,690,696,702,708,714,720,726,732,738,744,750,756,762,768,774,780,786,792,798,804,810,816,822,828,834,840,846,852,858,864,870,876,882},{0,0,0,0,0,0,0,0,0,0,0,0,0,0,0,0,0,0,0,0,0,0,0,0,0,0,0,0,0,0,0,0,0,0,0,0,0,0,0,0,0,0,0,0,0,0,0,0,0,0,0,0,0,0,0,0,0,0,0,0,0,0,0,0,0,0,0,0,0,0,0,0,0,0,0,0,0,0,0,0,0,0,0,0,0,0,0,0,0,0,0,0,0,0,0,0,0,0,0,0,0,0,0,0,0,0,0,0,0,0,0,0,0,0,0,0,0,0,0,0,0,0,0,0,0,0,0,0,0,0,0,0,0,0,0,0,0,0,0,0,0,0,0,0,0,0,0,0,0,0,0,0,0,0,0,0,0,0,0,0,0,0,0,0,0,0,0,0,0,0,0,0,0,0,0,0,0,0,0,0,0,0,0,0,0,0,0,0,0,0,0,0,0,0,0,0,0,0,0,0,0,0,0,0,0,0,0,0,0,0,0,0,0,0,0,0,0,0,0,0,0,0,0,0,0,0,0,0,0,0,0,0,0,0,0,0,0,0,0,0,0,0,0,0,0,0,0,0,0,0,0,0,0,0,0,0,0,0,0,0,0,0,0,0,0,0,0,0,0,0,0,0,0,0,0,0,0,0,0,0,0,0,0,0,0,0,0,0,0,0,0,0,0,0,0,0,0,0,0,0,0,0,0,0,0,0,6,12,18,24,30,36,42,48,54,60,66,72,78,84,90,96,102,108,114,120,126,132,138,144,150,156,162,168,174,180,186,192,198,204,210,216,222,228,234,240,246,252,258,264,270,276,282,288,294,300,306,312,318,324,330,336,342,348,354,360,366,372,378,384,390,396,402,408,414,420,426,432,438,444,450,456,462,468,474,480,486,492,498,504,510,516,522,528,534,540,546,552,558,564,570,576,582,588,594,600,606,612,618,624,630,636,642,648,654,660,666,672,678,684,690,696,702,708,714,720,726,732,738,744,750,756},{0,0,0,0,0,0,0,0,0,0,0,0,0,0,0,0,0,0,0,0,0,0,0,0,0,0,0,0,0,0,0,0,0,0,0,0,0,0,0,0,0,0,0,0,0,0,0,0,0,0,0,0,0,0,0,0,0,0,0,0,0,0,0,0,0,0,0,0,0,0,0,0,0,0,0,0,0,0,0,0,0,0,0,0,0,0,0,0,0,0,0,0,0,0,0,0,0,0,0,0,0,0,0,0,0,0,0,0,0,0,0,0,0,0,0,0,0,0,0,0,0,0,0,0,0,0,0,0,0,0,0,0,0,0,0,0,0,0,0,0,0,0,0,0,0,0,0,0,0,0,0,0,0,0,0,0,0,0,0,0,0,0,0,0,0,0,0,0,0,0,0,0,0,0,0,0,0,0,0,0,0,0,0,0,0,0,0,0,0,0,0,0,0,0,0,0,0,0,0,0,0,0,0,0,0,0,0,0,0,0,0,0,0,0,0,0,0,0,0,0,0,0,0,0,0,0,0,0,0,0,0,0,0,0,0,0,0,0,0,0,0,0,0,0,0,0,0,0,0,0,0,0,0,0,0,0,0,0,0,0,0,0,0,0,0,0,0,0,0,0,0,0,0,0,0,0,0,0,0,0,0,0,0,0,0,0,0,0,0,0,0,0,0,0,0,0,0,0,0,0,0,0,4,8,12,16,20,24,28,32,36,40,44,48,52,56,60,64,68,72,76,80,84,88,92,96,100,104,108,112,116,120,124,128,132,136,140,144,148,152,156,160,164,168,172,176,180,184,188,192,196,200,204,208,212,216,220,224,228,232,236,240,244,248,252,256,260,264,268,272,276,280,284,288,292,296,300,304,308,312,316,320,324,328,332,336,340,344,348,352,356,360,364,368,372,376,380,384,388,392,396,400,404,408,412,416,420,424,428,432,436,440,444,448,452,456,460,464,468,472,476,480,484,488,492,496,500,504,508,512,516,520},{0,0,0,0,0,0,0,0,0,0,0,0,0,0,0,0,0,0,0,0,0,0,0,0,0,0,0,0,0,0,0,0,0,0,0,0,0,0,0,0,0,0,0,0,0,0,0,0,0,0,0,0,0,0,0,0,0,0,0,0,0,0,0,0,0,0,0,0,0,0,0,0,0,0,0,0,0,0,0,0,0,0,0,0,0,0,0,0,0,0,0,0,0,0,0,0,0,0,0,0,0,0,0,0,0,0,0,0,0,0,0,0,0,0,0,0,0,0,0,0,0,0,0,0,0,0,0,0,0,0,0,0,0,0,0,0,0,0,0,0,0,0,0,0,0,0,0,0,0,0,0,0,0,0,0,0,0,0,0,0,0,0,0,0,0,0,0,0,0,0,0,0,0,0,0,0,0,0,0,0,0,0,0,0,0,0,0,0,0,0,0,0,0,0,0,0,0,0,0,0,0,0,0,0,0,0,0,0,0,0,0,0,0,0,0,0,0,0,0,0,0,0,0,0,0,0,0,0,0,0,0,0,0,0,0,0,0,0,0,0,0,0,0,0,0,0,0,0,0,0,0,0,0,0,0,0,0,0,0,0,0,0,0,0,0,0,0,0,0,0,0,0,0,0,0,0,0,0,0,0,0,0,0,0,0,0,0,0,0,0,0,0,0,0,0,0,0,0,0,0,0,0,0,0,0,0,0,0,0,0,0,0,0,0,0,0,0,0,0,0,0,0,0,0,0,0,0,0,0,0,0,0,0,0,4,8,12,16,20,24,28,32,36,40,44,48,52,56,60,64,68,72,76,80,84,88,92,96,100,104,108,112,116,120,124,128,132,136,140,144,148,152,156,160,164,168,172,176,180,184,188,192,196,200,204,208,212,216,220,224,228,232,236,240,244,248,252,256,260,264,268,272,276,280,284,288,292,296,300,304,308,312,316,320,324,328,332,336,340,344,348,352,356,360,364,368,372,376,380,384,388,392},{0,0,0,0,0,0,0,0,0,0,0,0,0,0,0,0,0,0,0,0,0,0,0,0,0,0,0,0,0,0,0,0,0,0,0,0,0,0,0,0,0,0,0,0,0,0,0,0,0,0,0,0,0,0,0,0,0,0,0,0,0,0,0,0,0,0,0,0,0,0,0,0,0,0,0,0,0,0,0,0,0,0,0,0,0,0,0,0,0,0,0,0,0,0,0,0,0,0,0,0,0,0,0,0,0,0,0,0,0,0,0,0,0,0,0,0,0,0,0,0,0,0,0,0,0,0,0,0,0,0,0,0,0,0,0,0,0,0,0,0,0,0,0,0,0,0,0,0,0,0,0,0,0,0,0,0,0,0,0,0,0,0,0,0,0,0,0,0,0,0,0,0,0,0,0,0,0,0,0,0,0,0,0,0,0,0,0,0,0,0,0,0,0,0,0,0,0,0,0,0,0,0,0,0,0,0,0,0,0,0,0,0,0,0,0,0,0,0,0,0,0,0,0,0,0,0,0,0,0,0,0,0,0,0,0,0,0,0,0,0,0,0,0,0,0,0,0,0,0,0,0,0,0,0,0,0,0,0,0,0,0,0,0,0,0,0,0,0,0,0,0,0,0,0,0,0,0,0,0,0,0,0,0,0,0,0,0,0,0,0,0,0,0,0,0,0,0,0,0,0,0,0,0,0,0,0,0,0,0,0,0,0,0,0,0,0,0,0,0,0,0,0,0,0,0,0,0,0,0,0,0,0,0,0,0,0,4,8,12,16,20,24,28,32,36,40,44,48,52,56,60,64,68,72,76,80,84,88,92,96,100,104,108,112,116,120,124,128,132,136,140,144,148,152,156,160,164,168,172,176,180,184,188,192,196,200,204,208,212,216,220,224,228,232,236,240,244,248,252,256,260,264,268,272,276,280,284,288,292,296,300,304,308,312,316,320,324,328,332,336,340,344,348,352,356,360,364,368,372,376,380,384}};
int C3[K][B]={{347,364,466,503,483,411,425,401,350,374},{493,340,469,343,381,364,411,456,391,411},{315,360,315,330,420,405,387,399,393,348},{336,416,394,339,429,422,464,474,416,381},{368,358,365,477,432,352,406,342,381,387},{498,563,660,628,600,642,488,670,586,493},{582,595,621,608,616,531,625,578,472,582},{426,397,438,422,374,406,326,374,461,454},{600,557,505,570,644,535,518,557,635,587},{390,394,406,461,326,371,352,403,330,323},{546,623,473,578,501,478,610,551,569,632},{342,423,406,363,339,392,423,432,386,319},{394,400,467,464,368,323,426,474,362,406},{375,369,305,454,339,424,445,390,424,400},{369,268,294,387,320,330,382,348,369,273},{438,333,342,309,405,444,447,369,429,306},{437,472,447,486,408,476,465,426,490,479},{322,295,307,298,252,317,334,247,242,264},{398,493,380,437,408,476,376,493,518,522},{345,384,384,445,366,430,320,433,363,345}};
int C4[S]={48,48,48,48,48,48,48,48,48};
int ODS[2][NCPN]={{6,8,6,10,8,10},{28,26,30,26,30,28}};
int Hset[2][HWPN]={{0,0,0,0,0,0,0,0,0,0,0,0,0,0,0,0,0,0,0,1,1,1,1,1,1,1,1,1,1,1,1,1,1,1,1,1,1,1,2,2,2,2,2,2,2,2,2,2,2,2,2,2,2,2,2,2,2,3,3,3,3,3,3,3,3,3,3,3,3,3,3,3,3,3,3,3,4,4,4,4,4,4,4,4,4,4,4,4,4,4,4,4,4,4,4,5,5,5,5,5,5,5,5,5,5,5,5,5,5,5,5,5,5,5,6,6,6,6,6,6,6,6,6,6,6,6,6,6,6,6,6,6,6,7,7,7,7,7,7,7,7,7,7,7,7,7,7,7,7,7,7,7,8,8,8,8,8,8,8,8,8,8,8,8,8,8,8,8,8,8,8,9,9,9,9,9,9,9,9,9,9,9,9,9,9,9,9,9,9,9,10,10,10,10,10,10,10,10,10,10,10,10,10,10,10,10,10,10,10,11,11,11,11,11,11,11,11,11,11,11,11,11,11,11,11,11,11,11,12,12,12,12,12,12,12,12,12,12,12,12,12,12,12,12,12,12,12,13,13,13,13,13,13,13,13,13,13,13,13,13,13,13,13,13,13,13,14,14,14,14,14,14,14,14,14,14,14,14,14,14,14,14,14,14,14,15,15,15,15,15,15,15,15,15,15,15,15,15,15,15,15,15,15,15,16,16,16,16,16,16,16,16,16,16,16,16,16,16,16,16,16,16,16,17,17,17,17,17,17,17,17,17,17,17,17,17,17,17,17,17,17,17,18,18,18,18,18,18,18,18,18,18,18,18,18,18,18,18,18,18,18,19,19,19,19,19,19,19,19,19,19,19,19,19,19,19,19,19,19,19,20,20,20,20,20,20,20,20,20,20,20,20,20,20,20,20,20,20,20,21,21,21,21,21,21,21,21,21,21,21,21,21,21,21,21,21,21,21,22,22,22,22,22,22,22,22,22,22,22,22,22,22,22,22,22,22,22,23,23,23,23,23,23,23,23,23,23,23,23,23,23,23,23,23,23,23,24,24,24,24,24,24,24,24,24,24,24,24,24,24,24,24,24,24,24,25,25,25,25,25,25,25,25,25,25,25,25,25,25,25,25,25,25,25,26,26,26,26,26,26,26,26,26,26,26,26,26,26,26,26,26,26,26,27,27,27,27,27,27,27,27,27,27,27,27,27,27,27,27,27,27,27,28,28,28,28,28,28,28,28,28,28,28,28,28,28,28,28,28,28,28,29,29,29,29,29,29,29,29,29,29,29,29,29,29,29,29,29,29,29,30,30,30,30,30,30,30,30,30,30,30,30,30,30,30,30,30,30,30,31,31,31,31,31,31,31,31,31,31,31,31,31,31,31,31,31,31,31,32,32,32,32,32,32,32,32,32,32,32,32,32,32,32,32,32,32,32,33,33,33,33,33,33,33,33,33,33,33,33,33,33,33,33,33,33,33,34,34,34,34,34,34,34,34,34,34,34,34,34,34,34,34,34,34,34,35,35,35,35,35,35,35,35,35,35,35,35,35,35,35,35,35,35,35,36,36,36,36,36,36,36,36,36,36,36,36,36,36,36,36,36,36,36,37,37,37,37,37,37,37,37,37,37,37,37,37,37,37,37,37,37,37,38,38,38,38,38,38,38,38,38,38,38,38,38,38,38,38,38,38,38,39,39,39,39,39,39,39,39,39,39,39,39,39,39,39,39,39,39,39},{1,2,3,4,5,6,7,8,9,10,11,12,13,14,15,16,17,18,19,0,2,3,4,5,6,7,8,9,10,11,12,13,14,15,16,17,18,19,0,1,3,4,5,6,7,8,9,10,11,12,13,14,15,16,17,18,19,0,1,2,4,5,6,7,8,9,10,11,12,13,14,15,16,17,18,19,0,1,2,3,5,6,7,8,9,10,11,12,13,14,15,16,17,18,19,0,1,2,3,4,6,7,8,9,10,11,12,13,14,15,16,17,18,19,0,1,2,3,4,5,7,8,9,10,11,12,13,14,15,16,17,18,19,0,1,2,3,4,5,6,8,9,10,11,12,13,14,15,16,17,18,19,0,1,2,3,4,5,6,7,9,10,11,12,13,14,15,16,17,18,19,0,1,2,3,4,5,6,7,8,10,11,12,13,14,15,16,17,18,19,0,1,2,3,4,5,6,7,8,9,11,12,13,14,15,16,17,18,19,0,1,2,3,4,5,6,7,8,9,10,12,13,14,15,16,17,18,19,0,1,2,3,4,5,6,7,8,9,10,11,13,14,15,16,17,18,19,0,1,2,3,4,5,6,7,8,9,10,11,12,14,15,16,17,18,19,0,1,2,3,4,5,6,7,8,9,10,11,12,13,15,16,17,18,19,0,1,2,3,4,5,6,7,8,9,10,11,12,13,14,16,17,18,19,0,1,2,3,4,5,6,7,8,9,10,11,12,13,14,15,17,18,19,0,1,2,3,4,5,6,7,8,9,10,11,12,13,14,15,16,18,19,0,1,2,3,4,5,6,7,8,9,10,11,12,13,14,15,16,17,19,0,1,2,3,4,5,6,7,8,9,10,11,12,13,14,15,16,17,18,21,22,23,24,25,26,27,28,29,30,31,32,33,34,35,36,37,38,39,20,22,23,24,25,26,27,28,29,30,31,32,33,34,35,36,37,38,39,20,21,23,24,25,26,27,28,29,30,31,32,33,34,35,36,37,38,39,20,21,22,24,25,26,27,28,29,30,31,32,33,34,35,36,37,38,39,20,21,22,23,25,26,27,28,29,30,31,32,33,34,35,36,37,38,39,20,21,22,23,24,26,27,28,29,30,31,32,33,34,35,36,37,38,39,20,21,22,23,24,25,27,28,29,30,31,32,33,34,35,36,37,38,39,20,21,22,23,24,25,26,28,29,30,31,32,33,34,35,36,37,38,39,20,21,22,23,24,25,26,27,29,30,31,32,33,34,35,36,37,38,39,20,21,22,23,24,25,26,27,28,30,31,32,33,34,35,36,37,38,39,20,21,22,23,24,25,26,27,28,29,31,32,33,34,35,36,37,38,39,20,21,22,23,24,25,26,27,28,29,30,32,33,34,35,36,37,38,39,20,21,22,23,24,25,26,27,28,29,30,31,33,34,35,36,37,38,39,20,21,22,23,24,25,26,27,28,29,30,31,32,34,35,36,37,38,39,20,21,22,23,24,25,26,27,28,29,30,31,32,33,35,36,37,38,39,20,21,22,23,24,25,26,27,28,29,30,31,32,33,34,36,37,38,39,20,21,22,23,24,25,26,27,28,29,30,31,32,33,34,35,37,38,39,20,21,22,23,24,25,26,27,28,29,30,31,32,33,34,35,36,38,39,20,21,22,23,24,25,26,27,28,29,30,31,32,33,34,35,36,37,39,20,21,22,23,24,25,26,27,28,29,30,31,32,33,34,35,36,37,38}};
